breakfast 80599353 91 8.10 3.79 5.96
1470073 19826088 3092 6270 
breakfast 79323110 113 7.77 7.40 4.30
1717231 44135542 1470073 9218056 3092 33814 33908 39072 
breakfast 78448589 256 3.12 15.75 28.38
59252 68267187 57696 76960 370659 
breakfast 78404629 159 20.12 5.87 6.99
229039 3903329 27572 13133857 26358066 3092 14967377 23428900 33911 35755 39075 
breakfast 76958299 426 29.35 25.26 19.00
7112 59266 228573 2419460 37922 
breakfast 76292273 152 17.10 7.42 4.46
229039 74198 2317759 3387797 39363849 283520 3171729 6889541 33872 33911 39075 39569 
breakfast 75496186 228 26.70 9.51 12.11
7048 229040 39074 7175 3419 33793 3092 33820 39710 9064781 5924533 
breakfast 74774954 216 12.08 16.35 7.90
229040 3092 14636501 33872 33911 35755 39072 39075 
breakfast 74387556 391 59.46 12.40 13.78
4198628 793278 1782163 2101728 2693778 8871158 800 37922 
breakfast 74298218 93 1.99 5.74 7.36
63406 285829 3387797 9138110 33890 33820 34212 36442 
breakfast 73973812 314 10.85 20.56 23.35
3092 33702 33906 36590 
breakfast 73628138 217 34.51 3.34 15.08
65471 8605127 2881960 3493508 72216541 33872 33911 
breakfast 73127292 166 21.70 7.83 2.96
229039 2391498 2347205 5471236 22088697 33681 33872 33911 
breakfast 73005907 250 10.11 14.26 20.63
283520 109271 3092 33793 36246 36454 
breakfast 72675525 494 19.05 28.93 38.34
3869477 3092 37709823 33908 34304 
breakfast 72342337 229 30.49 10.77 3.37
229039 2391498 3092 6994 7175 1097 3419 33911 35755 39072 39075 
breakfast 72188301 190 39.94 2.07 6.34
5445 624623 5011557 35761 35976 
breakfast 71951965 189 18.92 8.35 8.09
7048 7175 71510 5466093 38601245 794 
breakfast 70575870 34 3.21 2.19 0.66
24874637 7315459 3092 35755 39733 
breakfast 70197024 185 14.82 8.51 12.18
229039 283520 23631215 1283 3092 39074 
breakfast 69990638 339 27.20 5.51 40.50
47921084 31041309 2307144 13696936 33911 39074 
breakfast 69329147 223 8.20 15.64 13.20
283219 1249 3092 6138 33871 303408 33890 34212 36352 36442 36848 
breakfast 69329902 241 38.01 7.46 8.46
5388 794 33911 39432 
breakfast 69446882 474 50.19 13.92 30.63
46239556 10387795 5466093 5859085 33814 33872 33911 38790 
breakfast 69361033 380 48.76 16.38 13.22
5492 32696412 794 35755 39715 
breakfast 69326298 309 44.26 8.41 14.83
794 3092 33911 35755 39072 39715 
breakfast 69022540 54 2.98 2.63 4.52
7156 3345875 101077 615974 12277309 3092 33879 33892 33908 
breakfast 68984523 198 13.20 13.20 6.37
6599629 15244941 28229479 33911 35965 
breakfast 68838772 129 8.00 7.54 7.23
56868 378640 229039 6118 283520 285829 5992089 45668351 3092 33876 33882 36442 37922 
breakfast 68748127 528 33.67 25.81 33.61
3760223 973401 56912 1328288 1731106 11279002 37709823 3092 5525 
breakfast 68575109 350 17.88 19.42 26.66
8790215 11279002 56910 56912 56941 3092 
breakfast 68569854 296 35.22 15.61 7.78
1328288 98452 218970 7678399 29649526 57107270 35755 35761 37065 
breakfast 68097377 214 24.24 11.37 6.64
233566 86710 2693778 3384 3092 33872 33908 35755 39075 39569 
breakfast 67559519 266 43.50 7.47 8.44
3445515 6138 34212 36408 38345 37922 
breakfast 67228880 219 30.84 3.98 16.34
3766126 1717231 70959 2213996 44135542 3092 33908 35755 
breakfast 66379426 154 7.36 7.26 9.51
14953425 1328288 6894952 35761 39569 
breakfast 66241573 187 24.19 4.24 15.64
886932 1717231 4003536 44135542 3092 33908 37922 
breakfast 66119488 590 11.56 51.78 25.38
202595 886088 27818 42595 55873459 3092 33814 
breakfast 66113667 133 12.88 5.31 8.19
14953425 8877146 3092 299848 
breakfast 66002842 192 25.42 5.68 13.54
27572 15830107 106558 3092 35755 
breakfast 65895046 493 62.06 16.87 24.73
30978624 6258 1736398 2307144 32969040 33892 33904 
breakfast 65870876 115 8.87 4.29 9.75
7175 283520 1727595 3092 33695 
breakfast 65833131 87 0.78 5.79 7.10
16343586 6760 3092 5950 
breakfast 65795904 271 49.74 3.62 9.80
93197 36820838 6956922 800 3092 
breakfast 65774355 236 45.04 2.26 9.10
87491 12890251 2767129 36474 
breakfast 65616596 140 16.27 6.03 5.74
3903329 1350778 44176 1211994 2076643 41641493 12884555 33872 33883 34212 39536 
breakfast 65405892 124 13.23 5.17 8.13
1884752 7750679 1847076 3092 33872 33913 
breakfast 65381389 87 3.69 4.74 8.64
41563 3092 13554220 
breakfast 65267310 202 36.87 1.24 11.60
15343308 3092 18647874 44373658 
breakfast 64813057 477 57.42 14.31 30.55
86710 86296 76392 14174086 41916196 800 
breakfast 64748356 474 70.15 14.75 18.25
7185230 3379 25517 2932166 33872 35761 35976 
breakfast 64680582 364 9.38 22.47 33.29
39363849 10578539 418587 4142430 3092 
breakfast 64380768 351 65.40 8.98 7.04
1577014 973401 27572 3171729 5341 33911 
breakfast 64224520 152 11.45 10.85 5.04
3376 53915586 116946 164484 3092 33872 33911 35755 39072 39075 39569 
breakfast 64218292 121 25.81 1.31 2.99
2532515 3903329 1173251 2076643 21876939 3420 5388 33814 33908 33911 39075 39559 
breakfast 64115020 275 6.59 19.28 15.09
7750679 24874637 3060709 33792 39072 
breakfast 64059395 98 13.55 1.46 7.98
5678678 3092 233566 6541328 6867146 33872 33911 35761 
breakfast 64002652 407 22.50 32.69 11.67
14570057 7153 25517 7655955 8898963 3346 33908 
breakfast 63971951 519 37.92 25.77 28.78
3760223 1097 216142 1328288 41683863 3092 33692 35965 39733 
breakfast 63829389 129 8.66 10.05 0.28
1378658 72799 37818 
breakfast 63534909 167 20.43 5.35 8.03
298864 3903329 2102625 2763221 3092 33917 36444 
breakfast 62965696 225 11.82 17.71 7.13
74198 3903329 3756765 26085070 48947552 283520 14636501 33908 37922 
breakfast 62693267 78 10.03 3.93 1.32
7175 3092 221262 56245614 3419 35755 39733 
breakfast 62537668 137 14.88 4.62 12.36
229040 2658950 3387797 14381525 28648803 49411733 2139177 8877146 34212 39536 
breakfast 62506174 235 24.42 14.17 4.13
298864 164484 65468 20774230 31041309 7153 33872 33911 
breakfast 62485863 119 9.82 7.01 3.77
7175 7048 16079874 794 3092 39072 
breakfast 62470002 185 25.60 6.50 6.65
3326398 3381 41949 76404 6826742 33872 
breakfast 62177831 340 46.00 11.00 19.33
56431082 697401 351025 2485033 33908 
breakfast 62176673 96 9.64 3.62 6.47
4909766 43038 1727595 794 3092 
breakfast 62147214 616 40.92 41.11 24.74
3092 2247185 800 33814 33911 39072 39559 
breakfast 62114805 156 4.29 11.27 9.64
66804 6284119 3092 33892 33908 36442 36480 
breakfast 61901138 41 8.05 0.65 0.99
2532515 229039 4811261 8869004 3092 5503 3913554 33911 35755 39072 
breakfast 61762776 30 0.39 0.03 6.18
21311676 33793 39076 
breakfast 61395173 88 2.82 0.58 17.40
14780189 33793 39076 
breakfast 60415857 68 8.25 2.73 2.74
3092 3445515 13205287 34304 
breakfast 60248625 395 29.47 30.53 6.41
15343308 3591 35752 
breakfast 60199960 81 2.48 6.60 3.60
11475030 221262 26085070 53630054 39072 
breakfast 60158836 314 54.00 7.73 15.51
47270 151525 2233112 25017064 33872 33887 33911 
breakfast 60135702 168 12.83 13.83 6.50
62452 74198 72799 17902819 39363849 39075 
breakfast 59913161 231 5.69 18.98 14.34
3092 164484 175387 33697 
breakfast 59851758 136 2.48 9.25 10.98
122837 518607 106170 518736 6009 298864 1093809 3092 33892 
breakfast 59850526 132 27.15 1.77 2.80
229040 9736299 44176 3419 33911 35755 37118 39072 39075 39536 39559 
breakfast 59484983 198 31.80 7.05 4.31
21920391 229039 80314 103576 1019505 19674985 164484 490142 3111571 3092 7188 37922 39078 
breakfast 59420177 495 58.95 14.89 34.29
529595 4198628 233566 1631002 2430753 35755 
breakfast 59169299 186 29.36 6.81 6.01
298864 3766126 221262 1071769 4337306 3092 233566 262395 33872 33911 35755 39569 
breakfast 58690315 465 49.45 8.04 47.04
46239556 31873698 72532 233566 2693778 33872 33911 
breakfast 58376821 154 28.64 2.65 4.72
882292 10950127 2317759 800 3092 33872 33911 35755 39072 39075 
breakfast 58368758 92 14.75 2.46 3.30
19242320 25517 233566 3092 
breakfast 57869550 116 16.61 4.38 3.61
2532515 36238368 27572 233566 3092 5388 33908 33911 39072 
breakfast 57765926 126 20.66 2.80 4.42
298864 8514782 56888 56956 44196798 33872 33911 35755 39072 
breakfast 57312487 187 14.76 8.51 12.60
6256 79488 1886382 27723290 800 3092 141936 
breakfast 57250746 224 15.66 16.99 4.89
5977320 7175 164484 490142 794 3092 34212 39072 
breakfast 57021872 219 5.27 18.69 9.78
4631098 1686683 164484 3092 7152 1080 37040 37118 33815 37922 
breakfast 56938599 159 7.06 3.28 23.04
14272211 41868824 26213283 32565302 33872 39072 
breakfast 56663071 194 15.99 10.26 10.41
3332763 3092 751556 33911 
breakfast 56533438 164 25.12 5.07 2.80
7175 30238851 585665 40202874 3092 33872 33904 35755 36384 
breakfast 55869741 302 4.13 24.27 18.86
2067591 5910397 3092 33814 
breakfast 55788732 546 53.52 22.73 38.12
14780189 3384 27572 233566 33872 39569 
breakfast 55720996 84 2.86 3.41 9.58
283219 3092 1729106 33793 
breakfast 55593717 67 10.44 0 6.25
124977 1869400 1470073 5298095 39072 
breakfast 55586439 579 33.90 40.82 20.49
436210 262272 55783 70803 45771060 39068 
breakfast 55521988 248 36.84 10.14 4.50
1097 12890251 56342 33872 33908 33814 33911 35755 39075 39558 
breakfast 55490052 160 20.55 7.69 12.48
50421626 7361149 6138 33708 33889 
breakfast 44494423 140 9.92 9.89 5.50
14766006 2535168 74198 164484 1674417 33793 37025 37922 
breakfast 55048922 205 38.15 2.16 7.17
229040 45771060 3419 
breakfast 54852918 191 36.66 8.12 4.69
229039 38034923 1328288 17192643 7152 7156 421771 10841322 33887 33911 35755 39075 
breakfast 54756680 308 5.15 28.52 10.62
19674985 45771060 33814 33908 39072 
breakfast 54692287 206 25.42 5.84 13.54
3420 12890251 27572 2881960 8748680 33911 39075 
breakfast 54492103 346 52.71 15.28 4.48
3092 244076 276613 1727595 3044978 33897 33908 34305 39072 39075 39559 
breakfast 54219705 192 15.88 9.45 11.76
3219310 47642 33800 
breakfast 54208771 306 33.43 17.31 7.54
3674184 221262 86710 164484 800 3092 33872 33908 33911 35755 39072 39715 39569 
breakfast 53915679 200 40.80 2.36 4.53
229039 2532515 3766126 23219624 7106 5367 2317759 33507904 33883 33887 35850 39075 
breakfast 53912452 113 11.35 2.99 12.72
38034923 299466 2506800 3092 33793 35755 39072 39075 
breakfast 53805161 193 33.59 4.22 7.74
1727595 46010602 5388 33793 33794 35761 
breakfast 53651174 556 37.06 41.99 15.37
3204461 3092 164484 3171729 3394355 33814 35761 37084 
breakfast 53462975 417 9.49 37.24 15.40
547174 370209 164484 3092 33908 
breakfast 53147348 119 16.08 5.33 2.54
547174 13866408 25517 244076 7160824 3092 48850 261800 2317759 33872 33911 
breakfast 53147277 177 18.53 6.73 10.60
35421842 7175 37709823 3092 33911 5712907 39074 
breakfast 53084389 133 28.00 1.12 4.00
17355316 11963376 69416 14413937 21020865 
breakfast 52996194 266 45.12 9.28 2.86
624951 276613 33872 33911 38871 
breakfast 52910442 316 35.22 4.44 30.44
18097364 427303 33793 33872 33887 33911 
breakfast 52865103 193 15.54 10.50 8.45
3235033 3092 2543065 46205285 40406 
breakfast 52830262 97 2.60 7.84 5.16
3092 3419 38767016 33689 33814 
breakfast 52653062 226 40.31 5.45 5.31
7156 3387797 14978472 28429504 
breakfast 52624535 133 21.86 3.17 5.38
276497 1336715 1818600 3159446 3246580 3864996 35852 3092 6034 
breakfast 52623418 215 30.54 4.06 11.99
229039 3092 3265373 25486323 800 33872 39072 
breakfast 52568242 129 13.86 7.30 3.71
9853844 1572807 25518 1287373 6370658 47031441 
breakfast 52521158 100 13.63 3.34 3.93
7156 13002616 1727595 3387797 794 
breakfast 52519089 108 15.73 3.86 5.51
19826088 13206459 1336715 3092 5388 39432 
breakfast 52479894 100 11.73 4.17 4.58
6449709 25517 5841695 39363849 33872 35755 39072 
breakfast 52389300 230 26.02 11.53 8.50
1950785 13409324 49242 11061934 46393401 33911 
breakfast 52324562 172 23.74 7.59 4.28
298864 3528184 219590 1198618 2101728 4640650 1336715 2488220 3092 3420 7052 33761 33872 33884 33887 36320 39072 39075 39536 
breakfast 52052947 280 11.92 18.93 18.91
7156 1727595 51794 3387797 
breakfast 51841835 135 13.54 4.97 7.94
518752 229046 1727595 3060709 793 33792 
breakfast 51832628 480 60.22 13.82 26.80
3903329 7175 343542 3345875 11279002 3092 33911 
breakfast 51803469 322 21.70 22.31 11.59
66804 17300712 66325 379156 6877765 33798 
breakfast 51750543 215 42.79 0.16 6.34
229039 26091875 37922 39077 
breakfast 51726546 194 16.34 12.43 6.32
229039 11278543 12890251 39363849 33913 35755 35761 39072 39075 
breakfast 51424483 332 4.46 15.00 42.00
112151 17946365 39076 
breakfast 51417795 273 10.11 23.11 8.57
229039 810776 77587 3171729 19826088 20061660 3092 33911 39072 
breakfast 51375964 82 0.93 5.76 6.67
6284119 211406 3387797 36421 
breakfast 51042444 346 16.68 24.59 13.22
276497 5236889 3092 35755 
breakfast 50939195 171 27.45 4.74 5.13
229039 7175 678205 794 3092 6629 1727595 33814 36451 
breakfast 50907988 100 7.45 6.56 3.31
18213734 30545028 1802892 2213270 13382291 37118 39536 
breakfast 50625165 179 27.21 5.17 7.41
20902865 3092 35755 
breakfast 50513166 103 14.20 2.61 4.57
1470073 3092 3171729 
breakfast 69239732 463 34.82 30.22 15.94
5270 283520 3092 3741 5387 299727 33699 
breakfast 50270573 52 6.68 2.37 1.41
886932 47270 27572 33908 33872 33911 
breakfast 69326744 456 50.99 20.70 20.45
3384 45350067 5492 33872 37016 794 39715 
breakfast 50149090 353 39.91 17.58 6.40
28533704 62321 34186 34323 39072 
breakfast 50113097 202 33.06 6.23 6.02
263119 1090941 233566 3092 5408 33872 33908 33911 34304 35755 39072 
breakfast 49763986 303 20.56 24.00 6.06
10998216 2383661 206247 882292 2663873 48468825 216142 379156 1019505 2322419 2892142 3152087 3420 7185 33872 39072 
breakfast 49762718 144 12.96 9.37 1.08
229039 547174 82992 244076 1289285 1727595 33872 33911 39536 
breakfast 33985078 204 14.07 4.33 29.05
3071 283219 233559 30893575 35755 35761 36333 
breakfast 49251190 122 21.90 1.66 6.07
11962165 3092 4358509 5298095 5369 1902657 33872 39072 39536 
breakfast 48756826 304 77.76 0.98 4.74
6231 564224 35816 35880 35931 
breakfast 48582617 45 0.90 2.90 3.66
29523 3618209 211406 800 3092 5917 
breakfast 44210407 406 44.01 20.64 17.09
79488 351025 33681 
breakfast 48232618 345 46.45 2.64 36.29
3087483 97761 25289244 35755 
breakfast 48150172 338 57.21 8.13 13.05
2693778 3092 33872 33887 35755 
breakfast 47264683 245 43.76 3.88 8.93
7175 3092 8552745 13312928 
breakfast 46680541 107 5.33 1.67 18.00
34888759 44135542 1512671 
breakfast 46175987 113 19.30 1.68 6.31
11962165 3092 4358509 5507676 5369 565305 33872 35761 
breakfast 46076833 179 31.40 4.67 3.38
229039 6223611 233634 33814 39072 39536 39559 39830 
breakfast 45821818 104 21.72 1.72 2.04
110767 130084 111620 261800 2693778 2785886 33872 33911 35755 37118 
breakfast 45433675 240 5.08 17.28 16.35
14636501 65061 233566 7611195 1251 3092 36291 
breakfast 44655649 456 50.41 25.28 9.15
229046 28553454 27572 65468 406824 33872 37084 
breakfast 42688692 227 21.54 15.90 1.42
8396840 13866408 3913554 35930609 33872 33883 33887 33892 37922 
breakfast 42044349 628 93.29 27.44 13.60
13927431 973401 84947 12995336 30545314 5388 39432 39569 
breakfast 41085157 172 4.47 11.30 12.76
4184515 6138 12277309 3092 33729 33905 36398 
breakfast 41054897 424 63.35 5.64 35.02
22591650 39536074 5406437 35755 
breakfast 41047431 554 21.57 42.25 22.69
475603 3152611 13304016 3092 7048 36442 36495 
breakfast 39371479 319 1.76 25.30 20.07
1147159 1080 50491 59266 3092 6138 36351 
breakfast 27772908 413 50.05 21.23 9.97
2532515 42978 41937 2663873 22088697 3379 233566 33863 33887 
breakfast 27666887 97 14.03 1.34 7.00
10358854 2213270 1812025 
breakfast 27753426 237 12.07 13.95 14.47
1517 1727595 498893 803 3092 33814 36442 
breakfast 27577864 102 2.61 7.06 7.40
2266397 12900417 33882 33888 33892 36421 36581 
breakfast 27576097 684 28.78 47.75 37.50
59788 23763376 4880154 9211073 11154869 23192211 76960 3624988 11030357 33911 
breakfast 27561310 282 17.64 8.69 37.35
3238542 5503 233566 21676738 36577 
breakfast 27467508 490 4.00 38.63 28.71
42595 2067591 36220 
breakfast 27438508 453 65.99 8.95 31.22
10397215 43682 122981 751556 35755 36577 
breakfast 27427128 280 63.23 0 11.06
565305 19760581 122981 3351169 7611195 15443172 
breakfast 27270570 363 52.35 13.76 11.50
3117550 1328288 167331 233566 2693778 39569 
breakfast 27229612 351 34.45 11.89 29.79
2532515 6949889 233566 1211994 5388 
breakfast 27141086 440 5.56 34.48 26.50
276497 1081 65061 1694613 3092 33814 39072 
breakfast 27069949 103 17.46 3.45 3.03
6265 3171729 35965 
breakfast 26944090 106 1.16 6.50 10.17
4764864 3219350 55023 14982671 1907 3092 
breakfast 26463998 68 2.30 0.93 11.25
3092 29390 5466093 33793 36442 36577 
breakfast 25978828 333 1.19 26.05 23.66
122837 298864 44673 8131140 7705 1080 76960 599786 5466093 13673229 33892 
breakfast 25841506 220 29.07 9.48 6.49
4070565 751556 33872 35718 
breakfast 25556992 603 64.99 32.54 16.30
13525349 3379 378483 7185230 7227904 15244941 3171729 
breakfast 24973576 321 52.42 4.36 16.02
4358509 6889541 3426943 7986558 35976 
breakfast 24573517 458 3.04 33.97 32.04
1864770 59266 8229918 3092 36577 
breakfast 24250500 148 0.50 11.50 10.50
427977 50491 3387797 
breakfast 23891451 226 29.58 4.75 14.16
3756765 4048201 43682 20310990 
breakfast 23608011 233 4.07 20.61 8.85
164484 42595 76960 33681 35852 
breakfast 23371521 132 13.62 8.40 2.38
229039 16503416 216142 4198628 7185230 7315459 45118 7475293 35755 
breakfast 26144550 155 22.14 5.01 7.53
48838 862954 65468 802661 2569650 15830107 25517 233566 2861662 5298095 5367 33872 33911 39072 
breakfast 23275955 195 1.73 12.62 16.51
3660283 1907 3092 
breakfast 22594555 169 8.52 13.68 6.23
20061660 4880154 60592 15845548 3092 33872 39072 
breakfast 22116859 280 32.00 13.00 10.50
31242 2320776 13951882 17295847 18227906 
breakfast 21716515 416 9.20 36.25 16.03
15651311 11583321 3092 6292 36308 36314 
breakfast 13132984 545 78.78 19.50 22.50
6873993 656954 2853684 3209674 3597909 11028935 7384991 9740996 
breakfast 12891511 47 6.50 1.00 7.00
1350778 5086982 82370 
breakfast 11747893 83 21.97 0.48 1.09
719850 35863 35931 35976 
breakfast 10647933 395 30.50 17.50 36.00
2777933 6525128 82321 3913554 
breakfast 9877195 82 3.67 6.66 2.79
59788 298864 299288 3466643 9237709 3092 
breakfast 9858466 222 32.56 9.72 3.10
1202279 3379 3092 3419 33761 33908 33911 35755 39075 39559 
breakfast 9857887 173 4.12 11.63 13.07
283219 2485033 34212 36442 36590 
breakfast 9841794 72 4.43 2.83 7.02
90477 3419 3092 33692 39075 
breakfast 9728405 191 25.00 8.94 5.46
76404 1564135 263119 1217152 7714869 
breakfast 9306974 88 7.33 3.86 5.70
1517 3092 36493 303408 
breakfast 9029296 376 68.32 10.32 17.28
59788 3149466 109644 3092 33761 33814 33872 33908 33911 
breakfast 9025468 153 2.46 9.41 15.49
1438533 794 76960 2620649 3009332 
breakfast 8993167 159 5.02 7.76 16.26
1851 30520 27330 804 3092 
breakfast 8956150 290 53.79 3.86 12.68
3092 3394355 1190866 33908 35755 39075 39558 
breakfast 8916971 103 1.69 6.96 8.31
52432 6138 1260 3092 33905 283219 
breakfast 8787056 233 4.38 16.49 16.20
299288 3092 33699 36398 
breakfast 8613734 69 2.12 4.43 5.13
2076643 59266 33752 36421 36442 36577 
breakfast 8543534 82 8.27 4.58 2.36
547174 59050 276613 1680900 6323379 307606 33897 33908 
breakfast 8360700 212 46.82 2.16 4.45
565305 44126 33872 35718 37922 
breakfast 8354449 136 19.97 5.01 2.80
1328288 233566 53757 33897 33911 39569 
breakfast 8305336 204 20.26 11.09 7.25
518587 1577014 164484 233566 33911 4743301 39569 
breakfast 8328035 212 21.85 11.81 6.20
65611 3384 233566 1328288 33911 39432 39569 
breakfast 8281604 235 43.27 0.89 14.56
283219 5492 118582 6464468 35897 37922 
breakfast 8186540 185 1.08 15.18 9.94
4352576 3092 33892 
breakfast 8117344 340 61.39 5.76 12.71
678205 5388 803 35897 
breakfast 7930129 80 15.19 2.25 1.86
59788 2383661 27572 86512 4405969 7259 33911 35755 39075 39432 
breakfast 7925916 187 36.44 3.05 5.65
2076643 28372 48181 87639 3420 33872 33908 33911 35755 39072 39075 
breakfast 7888137 188 19.00 5.50 13.50
25711 4302059 100997 5104775 
breakfast 7901188 140 26.96 3.98 2.69
7660762 5388 33872 33883 307606 
breakfast 7730566 199 50.74 0.86 3.91
283219 33918 35849 35931 36377 
breakfast 7669030 28 1.92 0.13 4.78
305067 285829 33793 33892 36421 
breakfast 7624413 326 54.54 2.79 20.06
7185 76404 2698025 4170803 35976 
breakfast 7649976 92 15.33 2.43 2.78
229040 59788 102086 263378 2870538 3852104 1727595 2774026 3597909 39075 
breakfast 7424406 289 50.67 1.96 21.02
1825269 6289058 1986487 35976 
breakfast 7266152 170 4.56 12.76 8.13
194831 2200644 1094943 3092 33681 283219 36383 36442 
breakfast 7175445 139 29.50 1.62 3.75
1336299 522724 76392 5037744 39559 
breakfast 7173190 442 52.69 8.50 40.91
5347189 11419660 27818 3864996 794 35761 
breakfast 7117793 177 15.16 2.57 20.10
2168918 76960 27330 399122 1907 6269 4544575 33793 36480 
breakfast 7041999 150 16.61 6.80 5.61
3408 33681 33689 33892 33893 33908 33910 37922 39072 39829 
breakfast 7010214 293 37.37 4.07 27.09
3403556 6493835 27572 33872 33911 37922 39075 
breakfast 6947911 158 2.17 10.34 13.14
475603 1431 3092 36442 36997 
breakfast 6840026 132 3.08 7.56 11.93
3725608 3092 36581 36617 
breakfast 6678602 256 44.61 6.82 6.47
3352 4490 33863 33872 33873 33883 33911 36553 39569 
breakfast 6699774 341 34.10 20.47 5.18
3419 76960 800 7105 33814 
breakfast 6595430 163 24.38 6.95 2.00
298864 7153 33871 33892 36442 36617 
breakfast 6531190 347 55.14 4.90 26.87
828681 5431 63512 69416 3171729 
breakfast 6424871 190 18.00 7.50 16.00
31242 4907584 233566 522565 
breakfast 6270021 299 47.90 6.72 13.52
298864 565305 800 4481 5445 33872 
breakfast 6249619 159 2.56 8.36 17.70
4350223 33689 33712 33812 33882 33892 33908 34212 36421 36442 36577 
breakfast 6216930 409 56.44 16.80 12.35
3376 3379 5363 33872 33908 37040 39569 39715 
breakfast 6165521 184 22.06 10.03 4.78
277098 108844 41694 1484091 305368 
breakfast 6106024 589 48.46 26.15 40.09
448901 852712 3092 36987 
breakfast 6006249 184 35.36 3.12 4.38
1350778 2698025 1019505 1727595 3394355 3092 69416 7100011 33872 33911 39558 
breakfast 5932335 150 18.60 5.88 6.92
74833 3756765 27572 5446738 3092 33872 33911 39072 
breakfast 5900593 314 36.88 6.47 24.79
1350778 74833 1470073 5298095 3092 
breakfast 5906302 152 10.37 5.97 14.78
97316 821060 27818 31820 3092 6549 33887 33892 33908 6292 
breakfast 5871258 213 29.48 9.19 6.14
102765 2341930 35755 
breakfast 5870134 129 1.45 9.44 9.11
44766 4595348 697243 1244875 1278 3092 
breakfast 5798932 120 16.75 0 11.50
77218 2712416 2698025 
breakfast 5789510 110 16.11 7.94 6.11
779223 26451 233566 739274 
breakfast 5430596 213 8.88 15.60 9.82
59788 1717231 164484 1814219 2101728 3092 33814 
breakfast 5418892 225 22.00 2.50 27.50
1854552 65471 205811 5466093 
breakfast 5345148 279 7.51 20.90 15.65
211406 3184806 50491 33681 33812 36442 36617 36684 
breakfast 5146658 193 8.23 10.54 16.07
285829 3092 33793 34212 36421 35143 36442 
breakfast 5112556 67 16.91 0.38 0.99
810776 5423 33871 33908 35854 35863 35865 35883 35931 35976 
breakfast 5062321 261 57.75 1.27 4.62
7175 33733 33872 37922 39719 35719 
breakfast 4822370 287 50.10 4.86 14.67
3384 250858 83372 35718 35755 36291 36320 36333 36577 
breakfast 4870620 270 1.79 21.88 14.60
1080 427360 1745592 3092 33689 36383 36442 36480 
breakfast 4759997 141 15.44 6.52 4.44
283520 3092 803 4481 33908 33911 39072 39559 
breakfast 4656487 210 29.58 8.56 7.10
1211867 5422 6366391 35755 
breakfast 4573525 71 6.12 0.45 11.65
6296 305067 27303 2012389 7031950 34861 36383 36581 
breakfast 4432373 114 1.15 5.50 14.24
1517 3092 1625 33793 36480 36577 36848 
breakfast 4383861 439 29.17 26.87 22.15
283520 3092 33908 36442 36493 36246 36590 
breakfast 4358450 97 22.30 0.80 4.30
60470 67854 1059948 1825269 2079878 284119 36581 36400 
breakfast 4249316 160 7.18 9.70 11.87
6809 3092 33699 33892 33908 36581 36724 
breakfast 4177697 164 29.00 5.03 2.71
3903329 5340 1255478 3420 33793 33872 33887 33908 35888 39075 39558 40653 
breakfast 4114871 206 31.76 7.64 4.45
3092 3379 4481 7175 33814 33872 33908 35755 39075 39830 
breakfast 3961698 321 4.10 21.25 27.36
305067 3092 33694 33720 33836 34212 36421 36577 
breakfast 3679476 176 38.16 0.85 7.03
7105 3420 33820 33908 35755 39073 
breakfast 3469552 86 8.31 3.64 7.62
229816 33706 33882 36425 36577 
breakfast 3356365 247 46.40 1.26 17.05
5268 6138 33874 33876 33892 33908 36383 36457 36724 36846 38265 
breakfast 3355356 109 17.48 2.54 3.80
2213270 33908 33911 34305 38255 39536 
breakfast 3263845 183 27.60 7.40 3.00
288541 262193 25517 2305991 33872 35755 39558 
breakfast 571435 47 0.68 3.35 3.38
33706 33712 33729 33792 33892 33908 36451 
breakfast 1726905 60 4.51 0.82 8.95
298864 6242 67133 1254269 6138 33793 33892 36291 36383 36442 
breakfast 1711709 161 3.67 10.32 13.42
85134 89981 3092 33729 33892 33908 35143 36291 36444 36581 36848 
breakfast 2250756 250 40.56 8.01 4.96
59788 3092 3419 33872 33908 34305 35755 39558 39559 39715 
breakfast 2981802 227 33.29 9.35 6.34
1717231 56363 47205 233559 2161983 39074 
breakfast 2759182 159 22.75 4.26 7.30
7175 3314462 3092 33786 33835 33889 33908 34305 36480 37922 39074 39075 39830 
breakfast 3141374 133 12.99 11.82 5.06
298864 5086982 3759786 3092 33681 33911 37084 37104 39072 
breakfast 3013982 110 1.74 7.51 8.54
96476 1517 1251 3092 6138 33882 33892 33908 36442 36452 
breakfast 2978022 165 26.55 5.69 2.76
3092 5896790 845 5340 33908 33911 34305 39075 39558 39750 39830 
breakfast 2948730 109 20.35 0.93 4.66
5466093 3092 3419 33820 33872 33883 33908 36871 39072 39075 39558 
breakfast 81482 124 3.78 7.09 11.04
33792 35325 36424 36442 36480 40637 
breakfast 27814 157 7.20 7.50 16.01
33792 33835 33859 33892 33893 33908 36293 
breakfast 25367 112 1.55 5.39 13.33
33792 35143 36351 36421 36480 37922 40659 
breakfast 2817403 288 50.94 8.16 4.63
3092 370206 421771 3864996 7175 33911 39075 
breakfast 2790611 291 21.24 18.76 7.91
3092 33820 33911 34331 39560 39830 
breakfast 2805382 127 19.95 3.55 3.76
3092 33814 33820 33908 35849 39072 39075 39559 39830 
breakfast 434 149 11.43 0.86 23.80
33793 33892 34861 36633 
breakfast 2739734 99 16.96 2.42 2.62
3092 71479 33872 33883 33887 33908 34305 36553 39072 39558 39830 
breakfast 2711352 182 6.30 14.72 6.81
2701671 3092 108844 200427 33863 33872 33873 
breakfast 132059 160 24.82 3.52 5.55
1717231 3092 33872 33911 35786 27304 39712 
breakfast 50490 501 1.85 44.90 21.88
33689 33732 33792 33892 33907 33908 37922 35174 
breakfast 89882 74 14.54 0.30 4.06
33787 35755 35976 
breakfast 2619937 474 59.22 22.06 12.30
3092 3590 33872 33883 33887 34305 35976 39536 39560 
breakfast 447 184 7.98 6.68 23.51
33695 33792 33793 36581 36635 40659 
breakfast 628 46 6.15 0.40 5.11
33761 33793 33863 33882 33892 33908 34861 36383 36442 36590 
breakfast 61609 301 34.77 7.13 27.64
33696 33786 33872 35755 38329 38358 
breakfast 232 225 4.22 13.64 20.84
33792 33892 33908 36421 36442 35325 36848 40740 
breakfast 2608662 339 8.46 23.37 19.69
56869 370404 48827 5466093 6494 36421 
breakfast 45128 54 10.06 0.58 2.76
33844 39308 
breakfast 163564 183 19.32 9.72 6.12
59788 1717231 25517 32530 944965 3420 33908 34305 35849 
breakfast 69430 276 9.60 19.64 15.15
33681 33716 33792 36408 
breakfast 66510 176 28.10 0.61 15.64
33787 33839 35755 35976 37922 37922 39656 
breakfast 147868 142 4.44 11.26 6.64
3092 33882 33888 33892 33908 34212 36590 
breakfast 123068 124 24.16 1.13 5.80
1717231 25517 3102 33872 33908 31325 35917 
breakfast 86881 192 50.15 2.46 6.10
33872 35731 35962 37922 39710 
breakfast 51678 268 16.46 11.72 24.52
33764 33812 33885 33892 34212 33842 36246 36343 36442 37922 38036 38198 
breakfast 2386020 166 34.02 2.91 3.88
5363 49844 52200 7175 39566 
breakfast 2363254 130 20.88 3.48 4.65
32688 86710 1019505 3171729 3092 4481 33911 35755 39072 
breakfast 89226 197 31.65 5.78 6.10
33768 33792 33872 33873 33883 33887 33908 36553 
breakfast 45318 232 13.08 16.91 7.20
33689 33729 33792 33892 36771 39093 
breakfast 341 363 62.62 5.51 16.82
33793 33872 33908 33911 35734 39073 39558 39715 40654 
breakfast 50964 196 31.71 2.82 11.58
33793 33872 33887 33908 35422 39074 39656 40654 
breakfast 315 291 1.61 25.54 13.20
33732 33792 34212 
breakfast 1183160 118 17.77 2.38 8.42
3092 27315 33793 33820 33887 
breakfast 970597 124 21.56 2.73 3.90
59788 115665 3092 3420 6994 7105 53134 803 815 39399 39830 
breakfast 1657308 245 44.09 1.59 14.88
810776 1605470 80336 5589 5492 
breakfast 376397 196 14.72 9.77 11.77
1517 3092 33815 39048 
breakfast 2081759 214 31.11 0.46 19.07
521598 33820 37847 
breakfast 435342 206 34.56 3.53 9.29
7175 3420 803 3092 3419 5369 33872 33908 39072 
breakfast 53080 144 22.21 2.72 6.75
33755 33792 33872 33908 33911 39072 39830 
breakfast 194504 62 16.22 0.24 0.56
35761 37922 39536 
breakfast 382 427 5.06 36.30 20.01
33698 36136 36636 
breakfast 467 59 7.76 0.84 5.22
33793 33871 33882 36583 36590 36633 36695 39715 
breakfast 1981448 192 27.05 7.74 5.32
59788 1086753 534398 552056 2315684 3092 32530 33908 35850 39075 
breakfast 1933044 179 8.17 12.22 10.10
1080 3092 33815 33892 33908 36633 
breakfast 138809 138 24.66 2.24 4.93
7175 793 3092 33908 35761 39072 39830 
breakfast 95623 337 89.62 0.86 2.47
35718 35833 36333 
breakfast 426 195 0.72 15.58 12.16
33729 33792 33892 33908 35174 
breakfast 252006 150 24.34 4.20 4.93
3092 3420 800 33814 33908 37922 39072 39699 
breakfast 203496 482 9.80 43.20 15.68
6229 3092 1080 33689 33892 33908 36320 36327 36442 36577 37922 36848 
breakfast 178243 225 36.30 2.67 13.62
4474 74893 27303 804 33814 1305 35761 38793 39569 
breakfast 118558 798 58.87 40.03 47.13
83026 7039 1516 33800 
breakfast 71702 176 3.74 10.04 18.12
33705 33754 33793 34212 34857 36581 
breakfast 80750 178 23.97 0.56 24.34
33911 35755 35761 35883 36577 38414 39656 
breakfast 70839 253 3.55 21.00 12.82
33681 33716 33729 33735 33792 34212 39656 38331 
breakfast 20303 74 0.38 4.97 6.29
33792 33908 
breakfast 748 246 7.77 14.92 19.62
33717 33792 33872 33887 39073 39656 
breakfast 715 341 14.69 14.81 36.00
33769 33812 33872 39656 
breakfast 666 223 34.68 1.05 17.71
33694 33759 37804 37922 39656 
breakfast 236560 133 20.44 4.64 3.61
83045 7175 56958 1457076 3379 6089 33761 33872 33872 33873 33883 33887 39073 39558 39735 
breakfast 191566 410 64.33 16.03 9.73
3092 42130 56342 86858 1588377 33872 33908 33911 34305 35755 39073 39558 39559 
breakfast 88671 204 42.55 2.37 4.08
33792 34209 35718 39559 39830 
breakfast 73794 134 28.07 0.82 4.54
33755 33793 33908 33911 35735 35965 39072 39559 39699 39751 39830 
breakfast 30293 201 10.26 14.04 10.71
33786 33792 33872 37118 39072 39656 
breakfast 648 132 22.81 2.08 6.10
33793 33872 33908 33911 35734 39074 39656 39715 40654 
breakfast 166099 282 6.38 21.96 16.00
6999 3094 6292 33815 33892 
breakfast 98820 66 5.22 1.99 6.56
793 33792 33892 33908 36291 36383 36421 36633 39079 40659 
breakfast 1884716 123 7.78 6.83 7.22
7153 506043 3092 33887 33908 35795 36398 36577 36380 36724 
breakfast 1773469 442 46.92 13.12 36.67
49835 5387 1463689 1099 3743 33812 33889 33892 33908 34857 
breakfast 1778586 176 41.86 0.78 2.91
35755 35883 36577 
breakfast 1444326 222 35.87 7.45 4.24
49835 7265 3092 3420 33761 568586 33872 33908 33911 37084 39075 39558 39830 
breakfast 1438625 185 2.08 13.26 15.70
430972 4908166 148287 33752 33892 33908 
breakfast 1214746 179 32.55 4.94 2.74
5369 3420 33872 33887 33908 34305 35755 39075 39541 39559 39830 
breakfast 929141 188 24.27 10.04 3.91
7175 4584 3092 3419 33787 33814 35755 37922 39075 39536 39749 
breakfast 804176 147 0.77 9.94 12.58
49835 3092 
breakfast 804126 374 59.17 14.47 7.55
5363 7185 243751 803 33814 568597 33872 39536 39690 
breakfast 790776 159 36.26 0.22 4.70
52548 3864996 76392 33911 40654 
breakfast 431411 404 40.57 15.08 33.46
2753681 257963 27303 2526748 6166 33840 36442 36480 38225 
breakfast 416760 283 41.70 10.96 8.45
1717231 3379 1100 33895 39746 
breakfast 398409 109 15.91 2.92 4.83
57432 7175 69409 3092 3420 33697 33908 33911 39072 39075 39752 33820 
breakfast 398868 227 29.95 7.12 9.97
3092 33814 33820 33908 39830 
breakfast 393881 200 27.67 6.68 7.42
59788 115665 57432 1727595 3092 3420 27532 33697 
breakfast 396566 84 14.52 1.20 4.47
7175 370432 27303 3420 33820 33872 33908 39072 
breakfast 389031 249 22.48 12.67 13.16
3092 283219 33700 33752 33892 33906 33908 34212 36421 36493 36442 
breakfast 386486 173 33.56 1.69 7.93
59788 7175 53134 56342 3092 3420 27532 33820 33908 
breakfast 378820 284 57.68 4.39 5.91
59788 115665 56342 57432 81641 3092 53134 81641 2078719 2315684 33697 33820 33872 39558 39559 
breakfast 379303 167 21.99 0.09 18.28
27303 27330 54205 36452 36493 
breakfast 64 199 31.16 5.62 7.68
33786 35718 37040 37922 39536 37062 39715 39750 
breakfast 68 230 40.48 4.79 6.97
33750 33792 33872 33908 34305 35718 39072 39559 39830 
breakfast 84363 304 42.61 12.56 9.42
35962 37093 39715 40759 
breakfast 160475 78 2.14 6.64 2.55
7175 108844 33793 33794 33814 33908 34305 37922 
breakfast 162495 196 41.72 2.04 3.85
4490 5368 4490 33793 33814 33872 33872 39072 39075 39558 39558 39830 40654 
breakfast 135222 141 28.02 1.05 6.73
33755 33793 39536 39751 
breakfast 140020 88 18.30 1.38 2.31
59788 28372 794 3092 33908 25518 35755 39751 
breakfast 139969 270 52.69 4.38 11.88
799 35755 36577 37922 39432 39536 
breakfast 136291 112 7.51 3.83 13.91
55102 3905486 36249 27303 47734 98270 
breakfast 121391 288 4.50 18.87 23.00
72158 856761 3922563 101842 
breakfast 120411 212 24.24 5.56 16.60
103651 25598 33793 
breakfast 112427 268 49.71 1.66 9.60
59788 3092 3876791 110995 
breakfast 115303 254 46.78 4.96 12.85
76392 5711887 803 33788 37922 39432 39656 
breakfast 114466 272 49.45 6.15 7.40
3376 25517 33872 33911 35962 37922 39558 40654 
breakfast 90356 199 13.26 10.89 12.15
33695 33792 33793 33835 33892 33908 36581 39093 40654 35325 
breakfast 113018 126 4.72 4.17 15.29
4221463 76161 33793 
breakfast 100705 320 17.10 17.14 26.60
6242 53194 55304 33792 36343 36383 36421 36480 36633 36504 
breakfast 98421 286 10.48 20.35 13.89
104615 67623 33792 40740 35174 91686 
breakfast 104806 125 12.72 4.34 7.22
1727595 793 3092 33908 
breakfast 97817 191 7.72 9.43 18.38
67104 1052 33911 38308 40745 
breakfast 98456 228 48.72 5.87 4.04
75848 6389369 35752 35854 35863 76144 39559 
breakfast 96983 87 1.04 5.68 7.36
42452 30513 33792 33793 33882 33888 33892 33908 
breakfast 97525 229 5.15 12.62 21.77
26082 3092 33793 33892 33908 34270 34861 36442 36577 36590 
breakfast 106263 132 29.20 1.89 2.42
80080 35755 35757 
breakfast 88888 190 38.25 2.68 4.12
33792 33872 34209 35718 39559 39830 
breakfast 85296 671 67.68 19.61 67.56
35755 38331 38403 40616 40654 
breakfast 86603 398 19.66 22.18 29.28
33792 33793 33890 33892 33908 33910 34270 36442 36494 36577 
breakfast 83951 288 11.04 24.64 4.92
33732 33792 33814 33911 37922 38774 39075 39656 
breakfast 85969 54 5.25 0.19 8.04
33793 36246 36383 36442 
breakfast 84697 248 30.00 5.20 20.46
33696 33812 33872 39656 39715 
breakfast 85877 243 4.35 14.94 23.27
33812 33820 33827 33892 33908 34212 36421 
breakfast 83968 444 58.41 3.31 57.60
35755 35761 35863 35883 35976 35950 38331 
breakfast 83853 119 26.20 0.69 3.42
33812 33897 33908 35734 36553 37922 39075 39558 39751 
breakfast 83204 296 57.29 5.24 8.09
33755 33792 33872 33892 33911 34327 35718 35734 35755 36554 39072 39075 39558 35883 39715 39751 
breakfast 82707 94 11.15 4.62 3.01
33792 33908 34305 38347 39072 39558 39751 
breakfast 81356 171 27.54 5.59 4.77
33755 33792 33892 33911 34325 35420 35734 35962 36554 37093 39072 39075 39751 
breakfast 80361 111 19.04 2.63 3.29
33792 33820 33897 33908 34332 36871 39073 39075 39751 39830 39559 
breakfast 78933 281 24.54 15.51 14.35
33689 33797 33882 33893 34349 36442 36633 38812 
breakfast 78919 385 1.49 34.50 16.12
33793 33893 33908 36136 
breakfast 77776 196 40.32 2.29 5.93
33872 35420 35962 37922 35718 
breakfast 77591 189 33.04 5.17 4.22
33755 33792 33872 33887 33908 35734 35786 37093 39074 39559 39830 
breakfast 77700 188 2.73 14.09 12.11
33689 33792 33882 36136 36421 36454 40705 
breakfast 76957 150 3.80 9.82 11.22
33689 33792 36442 36480 36635 
breakfast 76708 215 2.16 16.78 13.51
33697 33792 33872 33908 40602 
breakfast 76030 499 91.75 5.30 25.45
33764 33786 33911 35761 35883 39536 39750 
breakfast 74420 98 21.98 0.30 2.83
33793 33872 33908 33911 35755 35854 35863 35997 39072 39075 39559 39751 39830 35883 
breakfast 75900 456 114.96 1.48 7.68
35755 35878 35950 
breakfast 75408 132 27.53 1.75 2.35
33872 35718 35786 39135 39715 36553 
breakfast 73751 82 14.68 2.12 2.74
33761 33792 33908 34325 39075 39541 39749 39751 39830 
breakfast 70420 204 3.56 9.39 24.89
33717 33812 38041 
breakfast 70272 107 5.00 4.08 12.56
33699 33793 33882 36442 36577 36633 38049 
breakfast 69901 208 4.16 14.48 14.84
33712 33792 33902 33905 34212 36327 36408 
breakfast 68653 121 13.84 2.44 10.37
33793 35325 36383 36442 36493 
breakfast 66751 184 19.28 6.09 12.72
33717 33812 39072 39656 39830 
breakfast 65821 244 3.68 16.82 18.86
33691 33792 34325 36452 36970 35143 
breakfast 65423 310 56.30 6.13 9.95
35875 36424 36442 36997 39074 39559 39694 39699 39715 39751 39830 40654 
breakfast 64348 483 60.42 12.90 31.50
33792 33877 33892 33908 34212 36351 36383 37922 38279 36724 
breakfast 63887 229 29.29 7.86 15.35
35755 35761 38329 38358 39432 
breakfast 59952 189 35.57 4.36 4.35
33792 33814 33872 33887 33908 35718 35755 35849 35852 35962 36320 36384 39072 37062 39536 39710 39830 
breakfast 61707 237 48.36 1.93 6.04
33882 33889 39707 39830 
breakfast 61321 229 38.59 4.89 11.42
33786 33872 35755 38329 38358 
breakfast 60440 277 17.88 15.18 20.00
33786 37042 38329 38359 
breakfast 54522 192 35.24 2.08 10.26
33787 35422 35757 35878 39536 39749 
breakfast 58998 126 25.52 2.20 3.01
33785 35718 35755 35761 35884 
breakfast 26687 233 1.71 14.50 22.92
33708 33812 40590 40661 
breakfast 54222 111 16.80 2.74 4.70
33792 33908 33911 34305 39432 39536 39656 39715 
breakfast 56787 202 33.13 5.55 4.80
33792 34305 39072 39559 39806 39830 40654 
breakfast 55444 133 2.07 8.66 11.23
33689 33696 33792 33814 34861 35143 36577 39830 
breakfast 52673 468 21.18 37.15 17.87
33792 33814 33872 33908 39656 37118 
breakfast 54223 239 5.97 8.78 33.55
33812 36577 
breakfast 53414 164 4.80 9.10 15.13
33695 33792 33872 38324 39076 39656 
breakfast 32196 247 25.99 10.65 15.16
33792 33879 35001 35849 35875 36242 36351 36383 36408 36451 37922 
breakfast 43090 452 5.03 39.32 17.21
33697 33732 33792 33814 33908 33911 39656 
breakfast 49406 164 13.82 4.24 20.59
33696 37922 38329 39432 39561 
breakfast 45222 647 49.93 46.38 29.68
33716 33782 35965 37118 38329 38403 39432 39656 40630 40675 
breakfast 27993 37 3.92 1.40 2.88
37819 38329 39656 
breakfast 41978 62 15.57 0.31 1.02
35976 36577 37922 39536 
breakfast 42679 200 33.07 5.57 5.54
33788 35356 39559 35761 35902 35976 39830 
breakfast 48002 342 49.71 3.44 34.35
33786 33820 35761 38331 39536 
breakfast 42529 81 17.06 0.75 3.06
33792 33820 33872 33908 35350 35734 39072 39559 39751 
breakfast 520 234 22.72 8.87 17.66
33793 34857 38225 35752 
breakfast 47894 420 1.81 32.28 28.80
33689 33792 35134 
breakfast 47854 164 7.23 10.08 12.02
33692 33792 33886 33893 34278 36246 36421 36442 36577 36848 
breakfast 46089 101 15.61 2.58 3.48
33689 35450 37922 
breakfast 47145 116 3.69 7.83 8.15
33792 33815 33892 33905 33908 34212 36246 36383 36421 36451 36848 37922 
breakfast 44829 163 9.80 4.52 20.93
33812 33892 36421 36442 36480 36848 40627 
breakfast 43906 201 9.63 10.95 15.49
33801 35325 36442 
breakfast 33449 73 12.73 0.76 3.47
33792 39830 40654 
breakfast 45331 148 11.01 6.32 12.03
33793 33863 33887 33892 33900 33908 34305 34677 35718 36442 38794 
breakfast 41732 468 105.89 1.11 13.06
35755 35932 35938 40718 
breakfast 42989 104 5.65 0.36 19.07
33793 38326 
breakfast 33535 288 39.48 7.09 18.81
35143 38801 40637 
breakfast 32575 120 12.40 1.47 16.90
33793 33890 33892 34857 36633 
breakfast 32999 507 105.80 3.87 16.06
33789 35755 37804 37922 39656 40654 
breakfast 33268 222 11.02 10.62 20.75
33792 33793 33892 33908 34857 33842 36249 40590 40740 40627 
breakfast 32777 244 6.50 17.90 14.56
33792 33892 36136 36308 36421 36451 38416 
breakfast 30980 38 0.91 2.84 2.37
33792 34212 37922 38324 
breakfast 29331 104 3.67 3.20 14.76
33793 33812 33835 33908 34857 36997 
breakfast 29235 169 26.09 2.75 10.19
33793 37922 39715 
breakfast 28876 96 3.69 4.38 10.34
33717 33812 33872 33887 39072 39656 
breakfast 28582 232 27.64 7.96 11.61
33750 33792 33892 33908 34212 38790 
breakfast 28359 355 52.36 10.05 15.52
33784 33792 33820 33872 38826 
breakfast 26120 88 0.60 4.78 10.25
33865 33874 33876 33882 33889 33890 33892 33893 34677 34874 
breakfast 26042 107 2.83 6.75 9.22
33792 33793 33882 33894 33908 38316 40604 
breakfast 21695 194 11.11 11.99 11.41
33717 33754 33792 33882 33892 33896 33904 33908 34212 36246 36442 36480 36848 35325 38825 39535 
breakfast 22625 164 32.73 1.80 6.68
33788 35755 35976 37922 37781 
breakfast 21575 285 2.12 25.64 10.94
33792 33892 33908 34305 36136 36480 36724 36848 
breakfast 21852 136 4.40 9.32 9.37
33699 33792 33882 33887 36442 35875 36581 
breakfast 20425 361 3.60 29.33 20.55
33689 33732 33792 33886 33892 33908 36996 37922 35144 
breakfast 582 226 16.84 9.01 18.96
33792 33892 33908 34212 36442 35325 36480 38329 36493 40627 
breakfast 20767 466 79.94 8.33 23.29
33791 35755 35976 38329 
breakfast 20136 230 46.17 2.49 9.13
33761 35755 35976 39536 
breakfast 20013 390 26.05 28.88 11.91
33750 33897 36553 37084 
breakfast 11142 150 38.10 0.57 2.15
35719 35747 38329 
breakfast 11082 271 33.04 7.03 20.40
33793 33835 34212 35734 35875 35317 
breakfast 9690 279 53.89 5.66 9.29
35755 35976 38363 
breakfast 756 136 23.61 2.66 11.58
33911 39432 39656 40654 
breakfast 751 197 7.12 3.10 34.03
33793 35001 36577 36633 35325 
breakfast 727 340 72.09 3.53 12.13
33862 35350 35761 35976 
breakfast 629 331 15.14 18.71 25.44
33792 34212 35143 36383 36442 36577 
breakfast 627 453 53.02 21.35 12.22
35965 39070 
breakfast 623 361 1.06 31.37 17.68
33689 33792 33892 33908 36136 
breakfast 537 253 7.34 12.81 26.72
33715 33760 33792 33793 33892 33908 36327 36480 36768 
breakfast 573 118 17.87 4.70 2.89
33872 38824 39561 40602 
breakfast 551 227 3.24 13.18 22.85
33699 33792 33793 33892 36577 
breakfast 521 273 16.65 11.30 27.58
33793 34857 36442 38355 35752 40659 
breakfast 464 100 9.30 0.63 14.48
33793 33882 33888 33892 33908 36355 36451 
breakfast 280 261 32.61 10.73 12.94
33701 33872 33887 39656 35718 38320 
breakfast 397 322 62.08 2.59 15.72
33791 33820 35755 
breakfast 389 241 44.79 4.79 7.09
33862 35976 37118 37837 
breakfast 388 164 17.46 7.12 9.30
33784 33792 33872 33873 33887 35902 37118 37922 38807 39656 
breakfast 358 436 74.50 11.12 10.55
33872 33911 35755 35761 39068 39656 40722 
breakfast 327 198 7.14 9.47 19.91
33880 33892 33908 34677 39569 
breakfast 356 212 52.78 1.28 3.45
35718 35757 35761 35950 35976 37922 
breakfast 350 273 28.53 9.44 18.46
33695 33792 37118 39656 39715 
breakfast 334 132 12.39 7.02 5.93
33792 33908 34212 34347 39074 39751 40654 40637 
breakfast 283 313 47.33 4.48 21.94
33792 33793 34857 36638 38225 39717 40723 
breakfast 276 401 7.48 26.34 32.79
33689 33792 33871 33892 33908 34212 34683 39067 
breakfast 241 240 19.43 14.85 11.28
35965 37922 40630 40756 38331 
breakfast 180 172 28.92 2.59 8.99
33755 33789 
breakfast 221 156 21.10 3.52 12.91
33786 39439 
breakfast 209 150 0.78 9.94 12.58
33792 33908 33914 
breakfast 145 248 42.93 3.91 13.21
33786 35755 
