dinner 76970858 337 37.48 6.80 29.51
378334 3374284 2619865 6370864 
dinner 75086043 296 10.56 12.54 32.18
13173485 6034 3387797 6370864 36957 
dinner 73426959 427 4.62 23.95 46.23
5268 48933 427528 21676738 1641 305067 34212 36333 36451 
dinner 73287603 216 8.11 14.66 13.13
3190318 305067 36333 40270283 61008016 754131 
dinner 73013483 130 21.77 2.42 7.10
229046 283520 80127 5286 6256 6258 211406 1264529 1283627 1611406 36333 305067 
dinner 72902868 135 19.27 4.88 4.78
229046 283520 71464 5286 6256 305067 211406 974040 1264529 33892 6244 6258 36333 36557 
dinner 72230323 433 48.26 16.61 22.96
8131140 77587 31914 49541 55174098 794 
dinner 71710274 794 75.04 18.01 86.10
518752 75536 48833 33908 33910 333937 34212 35850 36451 36246 
dinner 71282324 469 19.04 12.42 64.07
305929 305067 2033828 2173 2178 35849 35854 36351 
dinner 70480915 293 47.59 5.76 12.84
54324352 67464158 29387 85573 
dinner 70426774 350 35.70 17.38 11.20
27580 519595 43344 66325 6254 36377 
dinner 69478059 388 53.58 14.68 13.66
6242 283520 1386346 6151 285829 299727 33689 35854 36383 36442 39712 
dinner 69401930 126 3.96 7.87 10.67
283520 3272 65577 33871 33882 33888 
dinner 69238420 540 69.13 23.99 19.06
6258 32696412 3379 5268 5422 564129 34194 36333 36413 485524 
dinner 69398091 321 9.41 22.02 20.77
229040 54575121 3009332 3048187 30424490 33882 33892 33908 
dinner 69397685 229 30.01 8.42 12.24
294912 71464 53308 1283627 2521661 305067 211406 2158383 63532545 34212 35850 39536 
dinner 69071923 798 90.10 35.20 32.77
17403709 60549 110536 209447 11532902 6227 81824 34212 36464 
dinner 69022540 54 2.98 2.63 4.52
7156 3345875 101077 615974 12277309 3092 33879 33892 33908 
dinner 68643075 371 49.91 15.49 10.35
305067 285829 144843 659204 6809 687585 33815 36377 
dinner 68516911 442 17.62 21.01 44.73
7022 6250 7356592 3092 2108 6034 36376 33815 
dinner 68154930 452 48.99 13.99 33.67
1729106 10182553 32891429 36654001 33882 33890 
dinner 67677377 178 12.46 9.54 11.00
27152709 221262 250863 488710 2015305 5666979 
dinner 67505755 140 5.42 6.38 16.09
3939870 7048 48833 250863 285829 
dinner 67058578 78 0.05 5.46 7.20
3092 7023016 34212 36457 
dinner 66280527 470 44.14 12.80 41.13
3903329 3333808 41935 59252 375908 18647874 38601245 1641 
dinner 65662639 308 30.85 4.46 33.57
518607 518752 250863 4938350 283219 283520 44754 659337 33904 36333 36383 36384 4881229 
dinner 65509179 224 10.38 6.47 29.79
6164883 5641608 67092 3092 
dinner 65349586 354 8.41 21.61 29.34
10614385 77587 250863 1310064 9218056 3092 34212 38820 
dinner 65068104 85 12.16 2.84 4.60
43858 25170070 3374284 5718 36996 305067 
dinner 64877032 262 21.56 11.34 21.77
475603 69507 344056 1482821 1560411 34305 36442 
dinner 65071067 39 3.70 0.50 4.56
45771060 250863 615974 2109 36964 
dinner 64859150 452 12.15 32.72 29.31
11475030 3219230 1773410 1695 33868 33872 33898 33900 35718 
dinner 64401659 328 42.20 6.49 22.34
6242 13276583 404819 2102625 305067 4852768 36996 
dinner 64031590 634 15.22 39.60 52.94
518752 229039 30042 184726 1265516 1283627 2057 6138 33699 33889 34212 34252 36442 
dinner 63974647 869 85.66 29.77 62.28
149288 299719 1660 
dinner 63925395 248 10.41 11.65 25.32
229040 75445 2050283 34305 36320 36327 36442 39559 
dinner 63793212 157 15.06 6.23 11.55
59241 6536 122290 36442 39719 40713 
dinner 63745843 348 10.41 20.36 29.66
27165 305067 5481 33908 36383 1389 
dinner 63422930 282 36.62 4.45 23.88
3332763 4184515 61231 21676738 33892 33908 36320 36383 35190 
dinner 62910843 230 6.35 15.28 16.19
23763376 3345875 1905179 4295326 43153068 34212 36291 
dinner 62753638 768 95.92 31.39 29.55
283520 2562471 3479186 6233 33815 
dinner 62443935 244 27.17 6.74 16.58
49651 59015 665910 1641 
dinner 62157608 549 16.74 35.58 40.36
1409356 30042 3790688 2059 36320 36333 
dinner 62100191 575 86.52 12.06 27.31
262245 298864 64701 75445 6256 475603 123180 1905179 27416088 3092 33892 4881229 
dinner 61228110 272 11.86 16.87 22.38
475603 23763376 74198 211406 856471 5635401 1355 34304 36276 36314 36384 
dinner 61226546 146 9.25 9.31 6.88
528523 59252 11466505 33778916 
dinner 60300253 531 34.86 12.12 75.66
6258 338614 196978 1078509 3092 475603 33712 33892 33893 33908 36442 
dinner 59325565 300 58.99 2.94 12.85
5430624 3618209 1360735 14141065 33002152 59325545 36377 36970 
dinner 59174295 505 39.35 23.42 33.28
475603 59252 101104 14323811 283219 421527 34212 
dinner 58765207 206 8.19 10.66 21.91
475603 135361 1624102 6296 36442 36480 36590 36996 
dinner 58700185 284 18.83 14.00 21.27
56874 518736 56871 250863 262298 338614 71233 16484676 36291 33815 
dinner 58590261 538 61.79 15.72 37.08
5910397 6549 1695667 1641 33905 285243 36577 
dinner 57441040 76 6.05 2.93 5.93
518736 66614 493614 3066155 33793 33814 33879 33892 33908 
dinner 57311348 97 9.46 2.35 9.26
1268286 30978624 6253 283219 283520 475603 69692 69862 5478737 33390545 34792 36421 36442 4881229 36590 36768 
dinner 57256994 202 20.21 9.57 11.03
11673132 80118 10590143 11596980 1894 305067 36333 
dinner 56982097 321 14.45 13.00 31.92
518743 518752 681436 914073 1916493 3092 2977631 33712 33865 36442 
dinner 56694055 104 2.40 5.56 11.32
518607 164484 3009332 2064 3092 285829 33906 33908 35850 
dinner 55960444 384 39.44 14.58 29.43
518607 518707 518696 5622665 12874451 283520 31914 122290 216888 3011486 3791289 33871 33888 36590 
dinner 55961380 149 18.13 2.53 12.74
1863499 6242 1905179 2268789 7795508 9760316 1951422 36454 2057 
dinner 55959387 234 27.96 11.21 6.58
1014703 29523 151674 1529522 14323811 283520 36577 519595 
dinner 54714568 98 6.99 1.89 12.89
4506920 10762763 6536434 9516715 19485019 25126429 33892 
dinner 53849634 576 74.51 24.22 18.42
2383661 283520 62946 211406 1482821 5471236 59257 6403 33892 35752 36457 305067 4377215 4743301 39536 
dinner 53628985 295 23.66 16.26 17.17
71233 34212 36308 36383 36442 36577 36590 
dinner 53211756 406 41.70 22.68 11.65
298864 294912 138278 317669 3094 305067 71464 6387453 32969040 5718 33892 36383 6229 4743301 36398 36598 
dinner 52601013 418 40.88 15.38 28.16
51241093 5571 46836 3009332 3405055 6254 40401 
dinner 52133123 365 13.90 30.88 10.82
1170291 6246 4254776 11870979 36291 283520 36442 
dinner 52036022 488 34.17 19.90 48.96
102340 4377215 1046139 33883 33905 33908 35873 
dinner 51973366 312 33.19 4.98 30.14
3092 62303 891561 
dinner 51943377 295 9.87 13.52 29.79
518752 48838 6032301 8131140 3092 283219 2977631 
dinner 51416868 132 17.46 6.68 3.83
518696 16280323 11661636 33876 33890 6242 33904 33908 34212 36438 36442 
dinner 50918772 132 3.90 7.00 13.31
30978624 475603 9866470 1401 5931 6591 37922 
dinner 50825056 222 8.30 9.56 27.37
4350223 42566289 59252 4723234 3092 33888 
dinner 50660615 737 9.92 67.00 21.72
3149466 2178724 211406 1918447 3913554 34870 37249 
dinner 50625479 40 3.04 1.74 3.50
28179457 53308 148606 6370864 39708720 
dinner 69361559 443 38.21 22.74 23.94
1249 6296 3740 33706 33905 17390971 36421 
dinner 69326965 647 78.92 23.00 34.82
62576842 283219 15558207 6578 34212 519595 36383 
dinner 50145466 59 3.78 3.31 2.95
2753681 13304016 2317730 16070014 29500362 
dinner 50124177 189 14.71 10.10 11.85
6237551 3272 1705400 4996130 1424 29780512 36383 36846 
dinner 50033315 283 7.78 11.44 35.55
3092 6138 513528 1641 34870 36383 36724 
dinner 49843034 548 35.04 37.14 22.50
298864 499160 55801 793278 2521661 14223444 261203 944965 1283627 2158383 3509164 2057 5286 6229 19693321 33892 33915 36494 
dinner 49072779 268 13.43 15.84 19.90
285829 69202 11216321 36291 36320 6254 36333 
dinner 48661793 128 19.57 4.01 4.45
147995 15862672 250863 33892 33904 34212 36383 37922 39714 36640 
dinner 48417787 494 79.72 11.67 21.09
147995 283520 74312 33890 33892 299727 33904 36327 36383 
dinner 47696264 229 7.22 9.73 27.96
338614 7344824 2073025 3160612 8877146 6296 33703 33713 36383 36590 36640 
dinner 47274700 266 3.21 17.78 26.05
164484 3092 11513522 33892 33908 
dinner 42384638 306 39.22 8.50 20.00
5041058 5110191 69078 2175415 12874451 4881229 36291 36320 36383 36429 39536 
dinner 27801251 468 12.36 32.64 30.44
4377215 66558 2158383 7295408 33699 305067 34212 37700 39558 
dinner 27639083 196 37.09 2.84 8.36
41592 3247297 123466 1684194 6166 
dinner 27577864 102 2.61 7.06 7.40
2266397 12900417 33882 33888 33892 36421 36581 
dinner 27409530 216 6.50 12.44 19.39
1144445 48833 61410 36153 
dinner 27467508 490 4.00 38.63 28.71
42595 2067591 36220 
dinner 27275870 210 6.96 8.35 26.51
298864 475603 6034 7048 33890 33894 33904 36308 36442 40437 36995 
dinner 26994236 206 14.14 7.72 19.66
229040 6163 233566 4839863 6164883 3092 4308635 33892 36442 39536 
dinner 26944729 260 18.50 11.81 19.25
1019505 3092 82322 2977631 36617 4743301 
dinner 26660528 362 34.94 13.06 26.58
233610 6387453 65713 147475 917995 4372265 33871 33876 33893 36383 36442 
dinner 26935525 269 5.14 16.16 27.06
29523 48933 4718517 39079 
dinner 26880956 566 23.57 27.04 55.06
6994 1079521 43682 34212 36081 
dinner 26532739 532 30.84 20.29 57.97
1518719 263378 3272 34212 36291 4881229 36383 36384 36442 
dinner 26143950 298 26.24 9.12 30.58
18745369 6536434 34304 36383 36442 285829 36640 
dinner 26010806 281 17.83 17.18 15.14
518752 229039 2890636 14746190 6034 475603 280872 800 35001 36442 36577 
dinner 25810225 443 32.21 30.34 13.30
568586 665884 39558 6680 
dinner 25750546 383 10.98 31.14 17.66
1538 427722 6284119 1081 33882 33892 33908 36327 
dinner 25625974 282 17.00 9.19 24.02
7051 6034 30879 6771271 11489775 6240 5992089 36333 36383 36442 36457 37749 
dinner 25479042 816 7.33 68.33 43.93
56875 1368399 250863 6164883 18383339 1080 70933 944965 33697 33879 33892 36383 40411 
dinner 3155609 215 10.20 9.31 22.92
3277 294912 58308 89783 33708 33712 33793 33889 33891 33892 33908 36442 36957 39079 
dinner 25154841 423 66.27 9.26 22.16
25789 59252 537348 2244245 5996621 285829 36442 406742 
dinner 25145683 380 44.34 10.83 28.73
11666188 64562 5729 33892 33908 36978 
dinner 24807978 261 44.29 2.89 13.12
448901 88905 44508 44754 33892 37922 
dinner 125969 286 42.97 4.28 18.38
56095 106254 33871 33892 33903 47477 36320 36442 37922 36637 
dinner 24573517 458 3.04 33.97 32.04
1864770 59266 8229918 3092 36577 
dinner 24398012 595 52.00 20.00 48.00
46837 13595240 4543211 
dinner 24008207 688 73.53 31.34 32.42
11185991 351325 93246 3106134 3451665 1785 34270 36442 
dinner 23631288 286 8.25 20.25 14.00
21628901 283520 154846 827987 1629009 2208994 2102625 3732207 
dinner 23286248 504 13.15 34.33 33.20
71486 1697 50331 17706594 1407 36446 36606 
dinner 4028415 199 24.16 9.87 6.74
283520 4424 6138 33905 36383 6229 36590 38240 37922 
dinner 22965581 430 33.55 34.49 5.56
577617 263348 48850 262298 7185 6223 21447679 6233 
dinner 22863892 186 18.98 8.70 11.51
4350223 475603 59358 12874451 33814 305067 33892 33908 35001 36308 36320 36421 
dinner 22749756 457 5.34 21.17 59.00
8131140 1315866 1516 34212 36246 2178 
dinner 22706361 175 16.45 6.01 16.70
283520 6250 33142 343635 3639622 5928452 
dinner 22443489 360 24.37 20.80 18.50
1361699 565305 50296 690963 3272 33889 33891 34214 
dinner 21818142 547 7.58 43.00 30.00
93081 4350223 75536 82992 338614 305067 2067591 2660722 1641 
dinner 21684075 315 3.00 17.96 35.24
309523 2328062 6513867 4881229 
dinner 21682386 546 11.43 47.14 19.00
15651311 7114596 52846 9250853 14269692 
dinner 21703302 99 17.76 1.87 3.79
6433 299727 33876 33892 33893 33908 34212 36383 36442 37922 39712 
dinner 21716515 416 9.20 36.25 16.03
15651311 11583321 3092 6292 36308 36314 
dinner 21654185 122 9.61 4.68 11.44
7153 2268789 1446547 39783 
dinner 477625 608 77.06 17.21 39.89
307861 7125 34212 36320 36333 36442 38279 36581 
dinner 13957311 175 7.18 10.98 11.92
25531 45261 430972 551866 1352568 5387 36377 
dinner 13308101 328 65.24 1.58 13.03
41562 1268286 4506920 6003989 3419 6629 6138 33905 37922 
dinner 12909689 222 34.42 6.80 5.48
298864 6408 52746 1299414 33876 33889 34212 36320 36383 36442 37922 
dinner 12082284 212 30.94 3.58 14.22
3642 7015956 80150 
dinner 10751317 196 2.66 6.18 34.72
3060772 59241 4718517 33892 33898 33900 35883 35888 36383 
dinner 10659253 199 3.02 6.16 35.18
52432 6734831 4718517 33891 33892 519595 33908 37922 
dinner 10647179 205 22.98 5.77 16.20
279052 59258 4308635 36320 36333 37922 
dinner 10531592 154 16.28 1.93 15.65
608186 83179 95701 33755 33892 4881229 33896 
dinner 10547060 319 33.12 7.82 28.58
2399049 41563 83179 2665657 3639622 4881229 
dinner 10292902 368 38.62 8.25 36.12
59258 83179 2727224 37922 
dinner 10294299 268 31.33 7.83 18.17
338614 2353080 41563 3205681 4308635 
dinner 10257794 186 10.31 6.00 21.25
27124 76960 27330 95701 1578833 4308635 37922 
dinner 10257744 350 33.50 7.25 42.00
338614 71488 71453 75131 4718517 
dinner 10072600 348 24.75 13.67 31.42
77104 46539 83179 1046073 4718517 37922 
dinner 10071981 266 27.30 8.51 19.22
52400 97316 3790689 4308635 6993294 8904573 33892 
dinner 10072291 208 24.77 7.21 11.13
97316 1641 27656 83179 7180738 33892 33903 
dinner 10072392 394 33.43 19.41 23.07
77104 71488 41563 5842997 7445223 3092 7414873 7953818 37922 
dinner 9979858 373 43.24 11.28 23.05
59252 1901688 59053 124088 3790689 4308635 7953818 33815 36442 
dinner 9979892 192 2.78 9.71 23.20
97316 262035 8394954 33815 33891 33892 35849 36383 36442 
dinner 9955269 225 28.73 2.41 23.58
64631 4951495 27140 27389 4718517 3007 50215 569493 33871 
dinner 9898405 274 29.06 7.90 21.36
64631 3060709 80577 119529 4308635 37922 
dinner 9938464 244 10.72 20.93 6.58
97316 475603 3272 7048 36421 283219 36442 36979 
dinner 9853362 240 4.21 10.90 31.21
3370485 1329674 101077 33755 33793 33892 
dinner 9853346 193 6.61 7.10 29.23
59252 4718517 35854 36718 
dinner 9853313 248 20.72 9.76 19.98
89193 97316 59252 4308635 4397 5719 33755 36320 36442 
dinner 9811923 290 29.77 10.44 18.46
93685 59252 98332 277934 3640768 7150085 4308635 33755 
dinner 9811943 298 24.91 10.92 19.06
97316 77104 228735 3640768 5462815 3092 4308635 33708 33755 33871 36442 37922 
dinner 9811983 252 23.94 11.86 16.41
97316 59241 47632 263386 1518719 3332763 59246 61256 1125235 1641 33892 36291 36320 285829 36383 36442 
dinner 9857887 173 4.12 11.63 13.07
283219 2485033 34212 36442 36590 
dinner 9800327 421 11.98 32.81 18.74
4298117 33908 34305 36207 36333 36383 
dinner 9657334 281 29.44 9.20 20.74
59252 83179 31780 2478948 4881229 
dinner 9554237 163 17.53 4.28 15.61
6242 5290 269516 269528 1519276 4308635 3006 33876 33889 34212 36383 36442 37922 
dinner 9554168 295 31.40 9.56 16.88
89193 97316 27656 75271 4308635 33892 37922 
dinner 9506281 166 8.16 4.94 24.22
59237 4350223 28696 102340 4718517 36246 36320 39536 
dinner 9457348 122 20.84 2.91 5.28
4350223 1125235 2681351 3006 34212 305067 36320 36383 36384 36299 
dinner 9419485 350 41.48 9.55 23.91
4871599 7894429 4308635 6387885 3007 296095 36383 36442 37922 
dinner 9228757 160 0.10 8.01 22.02
229046 6242 4308635 33892 
dinner 9193219 269 35.50 6.00 23.62
81221 250863 49330 94166 123180 5209383 253141 
dinner 9051326 223 10.94 7.45 25.81
96740 5286 196978 5977303 2057 305067 33871 33892 33893 33908 
dinner 9024562 140 14.00 3.61 14.81
4350223 3332763 59241 1021126 1125235 35001 36291 36320 35849 
dinner 8903151 308 19.72 14.83 23.88
4350223 1125235 33883 34214 36383 39558 40396 
dinner 8949975 108 0.62 4.26 16.10
86986 1641 33871 33882 33890 33892 
dinner 9011181 216 17.28 8.54 18.06
298864 4743301 33890 33892 34996 285829 36383 36442 36457 40396 40713 
dinner 8937887 531 45.94 13.98 53.81
475603 5268 47574 2057 5286 33907 33915 36377 
dinner 8853405 194 16.97 7.10 17.27
3332763 69645 1125235 1641 33883 34212 34214 36291 36320 36383 39536 
dinner 8804935 77 13.75 1.69 1.88
2658950 1727595 33908 34212 37922 
dinner 8787056 233 4.38 16.49 16.20
299288 3092 33699 36398 
dinner 8749224 488 11.26 38.08 24.08
4377215 370626 641107 34212 36333 519595 36421 36768 
dinner 8730603 197 14.72 10.25 10.98
4302059 1100 90365 6620 33709 33712 34212 36383 36442 36577 
dinner 8633647 291 19.92 10.73 34.47
59050 518402 845 1641 33876 33877 35001 36383 36442 
dinner 8633358 244 32.82 6.70 22.93
3511103 47271 606175 842668 1502051 36577 
dinner 8631541 305 19.42 10.89 40.39
4230595 606175 33893 1641 283219 
dinner 8570744 325 10.06 24.87 17.08
1517 1097 33689 33697 33712 36327 36442 
dinner 8484139 234 36.20 3.86 17.14
7624276 31914 32904 33087 59358 6091238 33871 34996 
dinner 8499971 348 47.60 5.62 30.74
51121 32688 1530243 3345875 3273 7705 6296 33882 36291 36327 36442 
dinner 8484168 312 36.21 7.87 23.26
61356 555151 47632 344888 1125235 1734869 1641 34214 35001 39536 39558 39704 
dinner 8441637 206 10.12 8.09 22.10
59241 3716992 1641 36442 37922 285829 
dinner 8463001 263 14.40 14.64 19.18
298864 568597 33882 33888 1431 33713 33892 33900 33904 36595 
dinner 8406418 245 26.50 9.88 14.12
5281360 47637 45450 2102625 3458334 
dinner 8419564 338 28.09 16.18 21.98
41562 690966 149354 659268 3446946 33709 
dinner 8401549 333 33.19 10.88 22.94
53247 440073 59254 624194 6514169 34996 36442 40396 
dinner 8348667 240 6.24 17.10 14.74
1125235 856471 1329674 3092 33908 34996 36208 
dinner 8144210 403 17.64 18.67 40.80
518592 147995 2104782 33892 33908 283520 36383 36442 36848 37624 37922 36421 
dinner 8331284 506 44.25 26.88 20.04
57770 250863 33681 33703 35001 36383 39726 
dinner 8267352 400 30.58 27.06 10.02
57770 782504 1080 33703 33815 33887 33903 36408 36494 
dinner 8266541 277 27.18 10.47 20.64
6809 1641 3374284 6287 4743301 
dinner 8242847 352 30.55 16.29 23.10
44126 2399049 499068 2400858 1641 440073 33871 34212 36442 
dinner 8235148 595 63.06 25.48 26.92
290888 1166744 48833 128960 36494 
dinner 8196948 320 34.69 8.67 25.62
283520 498434 30446 1641 33706 33712 33905 36383 36398 36442 36457 36577 37922 
dinner 8154948 168 3.51 7.48 21.45
5039563 5286 1641 33814 
dinner 8183770 157 2.23 5.59 23.34
97316 59254 100646 1641 33876 33882 33892 
dinner 8165124 62 2.64 3.81 4.63
269528 3092 975082 3446946 33892 33908 36383 36442 36457 
dinner 8128600 255 38.38 4.60 16.26
97316 4290972 6426699 33892 35001 36398 
dinner 8129119 227 4.32 8.38 32.22
56875 894764 1641 5286 33889 33892 36383 36457 37922 
dinner 8034358 251 32.08 8.56 10.67
518741 229039 80336 370832 1277 1641 79521 83179 33865 33891 33892 33903 
dinner 7992794 339 34.62 14.36 23.08
41562 82370 380547 3446946 6454987 440073 33815 36643 
dinner 7915524 417 27.93 27.69 15.36
4216633 1785 227233 6170 
dinner 7915433 339 23.73 13.90 28.14
577617 262035 2042734 5778 36442 40391 
dinner 7924658 439 49.91 23.37 12.94
769937 144843 53308 7247000 36633 283219 
dinner 7924759 175 15.13 4.87 19.08
577617 31553 1641 33892 33893 35102 36320 36333 36383 36442 36457 
dinner 7877044 141 9.70 3.51 15.47
53247 31914 4943532 1641 
dinner 7877091 312 19.28 13.05 26.83
53247 1251 133452 803 37922 1343 40391 
dinner 7877008 236 21.13 9.75 16.13
4350223 87491 59241 61256 2090261 1480 1047021 33883 
dinner 7775123 125 2.68 3.36 20.57
229046 6242 51978 87491 3590 5290 48833 33793 33892 36383 36384 
dinner 7752076 43 9.04 0.51 2.79
49838 51978 362927 392435 2056281 6247 36384 36794 4743960 
dinner 7641196 350 37.38 15.86 14.24
2383661 475603 65077 227775 3374284 6269 4501 33892 36442 36590 
dinner 7601765 348 31.04 12.31 27.91
2383661 475603 59241 364010 1350923 1727595 60248 1905179 3353 33892 36384 36451 39536 39558 
dinner 7566374 241 26.83 6.92 18.11
3345875 343272 150362 6433 33755 4881229 33876 34212 35102 36442 
dinner 7560125 290 31.30 12.12 14.05
1905179 6250 30597 44754 5104775 34214 36421 36442 
dinner 7482314 338 13.02 21.84 24.33
298864 6256 369347 33689 33871 33882 33888 33890 33892 36590 40401 
dinner 7453184 108 5.00 3.25 14.50
1905179 4718517 59752 34214 
dinner 7420147 244 8.02 11.96 24.51
3231332 305067 127417 1864750 2127541 687585 1644 36557 
dinner 7427232 130 15.76 8.05 1.47
2383661 283520 33892 36605 
dinner 7192308 123 18.08 2.15 6.48
49814 229039 828803 1727595 37922 39078 39536 
dinner 7262642 432 18.40 26.99 31.46
221262 283219 1945411 33877 36380 4881229 36383 36442 
dinner 7266152 170 4.56 12.76 8.13
194831 2200644 1094943 3092 33681 283219 36383 36442 
dinner 7232841 220 26.19 2.72 21.65
1952 5268 34212 36383 2109 4424 36457 
dinner 7209894 400 36.98 17.82 19.56
475603 364010 82370 1905179 6250 283520 30597 1729106 4254776 36384 36442 37738 
dinner 97272 218 13.16 8.07 22.51
80150 1928814 36442 36480 
dinner 7103155 382 6.58 32.83 15.10
48933 1097 33798 36333 
dinner 7054691 230 19.10 8.62 18.52
244076 57432 3337562 4938350 33882 36291 
dinner 6946151 392 35.89 12.82 32.12
317669 1085790 1968 2178 2173 2138 33859 33879 35001 36236 36333 36442 36493 
dinner 6926433 117 0.68 8.20 9.47
56875 3092 1517 33871 33882 40401 
dinner 6696246 403 32.57 22.17 19.73
283520 6994 31886 31972 283219 519595 33827 36421 
dinner 6765908 296 55.47 3.24 10.27
369401 4501 33876 33892 33908 36384 38279 37061 
dinner 6705885 112 21.18 3.58 1.90
475603 2624196 33892 33917 34212 36598 
dinner 6685603 224 41.04 2.77 9.52
3419 63809 61231 2624196 33712 33820 33892 34212 36383 36442 
dinner 6631218 407 43.15 12.30 27.22
88921 4881229 34736 36664 
dinner 6620869 229 19.75 10.12 11.00
244076 51978 763650 2479579 4615969 
dinner 6533436 311 38.95 5.53 28.20
3272 4743301 46117 2865023 33871 33875 33876 
dinner 6470871 411 7.93 28.18 30.51
80171 338614 42595 211406 250863 370490 2217779 1502 3092 6620 33814 
dinner 6474454 473 51.07 20.52 21.88
6980 283219 659314 1523033 4086139 36383 36442 
dinner 6305256 211 29.60 4.12 16.46
7175 3203 65713 79200 404819 33871 33876 33882 33889 33892 33893 33908 36333 36442 36480 36641 
dinner 6194281 334 45.68 7.12 23.44
518700 2488220 31568 61263 1446547 5445 5268269 
dinner 6140089 241 5.82 2.59 46.24
119095 4372265 33910 36442 36457 4881229 36480 36848 37922 
dinner 6126741 451 7.69 4.70 87.26
6242 347945 35854 4881229 
dinner 6037458 52 11.74 0.33 2.23
35001 36308 36320 36333 36442 36480 36633 37922 
dinner 6023469 217 33.92 7.27 6.68
51978 6256 50118 58418 5270 687585 110415 140987 4421 33905 36384 36421 38416 39558 
dinner 5926857 270 33.72 9.06 12.28
72211 261203 25789 111279 599725 2317730 36421 36442 
dinner 5949307 162 1.92 6.28 24.43
1014703 56777 4676000 33892 305067 
dinner 5906302 152 10.37 5.97 14.78
97316 821060 27818 31820 3092 6549 33887 33892 33908 6292 
dinner 5760302 270 30.24 9.38 17.70
67288 305067 436834 1916731 6138 33892 33908 36718 
dinner 5773135 274 22.17 7.69 31.38
4377215 6256 48833 499068 2001794 6138 34212 36333 
dinner 5627812 268 15.96 14.40 17.44
475603 6256 1877 2178 4501 299727 36333 
dinner 5661556 398 5.68 32.49 18.19
45261 528523 28673 42595 1048589 3092 36383 
dinner 5583170 231 6.06 11.11 27.37
577617 298864 406824 4842110 3092 6257 33871 33882 33892 33900 36310 
dinner 5396121 324 42.73 4.27 33.26
29359 3272 77671 4513 33882 33892 36293 37922 
dinner 5333038 211 18.58 12.33 10.73
283520 2445491 253141 3171729 4013663 5268 36327 36383 36442 
dinner 5300693 346 42.01 7.01 32.96
563307 1729106 1641 6269 34345 36590 38416 
dinner 5242276 302 31.51 10.29 21.53
298864 6408 98482 271429 4669898 5684597 33865 33871 33892 36383 36480 37922 40401 36454 
dinner 5174065 201 8.35 7.06 25.11
3272 87274 33814 33892 33900 33903 33905 36320 36333 36383 36457 36848 35190 
dinner 763381 212 19.74 2.27 25.32
269519 66548 58308 6138 6243 33871 33892 33908 36442 36480 
dinner 5069527 270 23.00 12.50 24.50
54136 518722 29523 32361 75535 2251320 2460676 
dinner 4977834 335 56.84 6.44 11.48
3092 7705 3419 33717 33814 33908 36442 36858 
dinner 4879904 203 38.14 4.07 8.74
475603 200312 163854 200287 313582 33871 33876 33889 34212 36320 36617 36848 36970 36454 38240 
dinner 4923236 243 6.50 9.30 31.98
283520 244076 1787 4881229 
dinner 4850651 224 15.18 7.56 22.88
4350223 3332763 221262 344888 6269 305067 2707297 35102 36383 36384 38416 39558 
dinner 4870620 270 1.79 21.88 14.60
1080 427360 1745592 3092 33689 36383 36442 36480 
dinner 4779131 235 28.99 8.34 12.39
29572 1517 3094948 33907 36398 36413 36633 
dinner 4615287 330 18.56 17.11 24.43
338614 1097 1641 33752 34212 39079 
dinner 4613530 205 29.87 6.18 8.52
7048 3092 6243 33892 36320 299727 36442 36492 38828 
dinner 4573525 71 6.12 0.45 11.65
6296 305067 27303 2012389 7031950 34861 36383 36581 
dinner 4539239 321 5.20 22.46 23.36
338614 25789 46224 68614 2200644 4109655 133962 3092 33712 33882 
dinner 4383861 439 29.17 26.87 22.15
283520 3092 33908 36442 36493 36246 36590 
dinner 4277302 174 6.08 6.58 22.38
109622 283520 102292 3273 33883 36246 36383 36425 36848 40445 
dinner 4249316 160 7.18 9.70 11.87
6809 3092 33699 33892 33908 36581 36724 
dinner 4244734 247 47.87 4.69 10.13
153644 3426364 81915 1519276 1998384 33871 33882 36442 36640 37922 39692 
dinner 4177843 172 20.45 6.46 9.33
93081 56871 229046 288541 338614 751998 148606 1840150 6138 33865 36380 36643 37922 
dinner 4146801 454 48.12 13.14 37.30
1097 3272 56688 1641 35849 36383 36664 
dinner 4132959 251 7.51 11.57 28.68
1285370 1697 33865 33882 33892 33893 33904 36664 
dinner 3469552 86 8.31 3.64 7.62
229816 33706 33882 36425 36577 
dinner 3382043 318 15.31 20.31 21.37
2428574 2175415 3272 3408 34214 36383 36384 36451 38360 
dinner 3316317 316 40.26 11.81 15.45
475603 152227 599849 1046465 1661318 2197027 1784160 
dinner 3279629 341 22.88 15.62 28.20
1409 7705 33876 33882 33889 33892 33908 36442 36640 39699 
dinner 3259898 220 35.71 1.46 21.81
475603 27379 65509 655956 1637408 36421 36480 
dinner 3209464 116 2.54 8.29 8.40
48933 3092 45261 66186 33814 33865 33886 33903 34212 36333 36442 
dinner 2366215 252 40.30 8.95 5.64
1268286 49831 55261 5270 6994 283520 33876 33877 33890 33892 33908 35001 36320 36380 36383 36442 36493 
dinner 1938760 58 3.93 1.06 8.59
27330 305067 33694 33812 36383 36421 36848 36577 
dinner 612128 332 50.98 8.73 11.03
62683 51978 52528 4669344 33892 33908 36291 36320 36442 36480 36503 36848 36970 
dinner 917014 156 14.63 2.30 19.27
229810 1643 56053 36442 36635 
dinner 1116437 132 3.72 6.29 15.09
338614 3419 26577 42300 44766 793 77671 33681 
dinner 1202671 122 11.87 1.81 15.21
516010 338614 58418 71461 72884 392690 253141 34552 
dinner 3036991 336 51.99 5.54 25.94
287728 57374 6673141 3332 34344 519595 36414 
dinner 2881686 145 23.00 5.45 4.40
6138 33877 33886 34209 34214 36327 36380 36383 36384 36442 36718 36351 36493 
dinner 2950177 238 6.82 15.09 18.63
90699 229036 184726 3628429 475603 687585 33905 
dinner 3070403 329 40.36 5.21 29.12
122837 49391 49651 684362 2665657 33820 33882 36494 
dinner 3073345 444 6.95 36.52 21.60
475603 33872 33875 33876 33892 33893 33904 33908 33918 34212 36351 36442 38643 
dinner 3078387 244 10.13 14.14 18.23
7218 30042 65575 75372 36442 283219 
dinner 3025123 368 19.34 18.71 29.74
65061 4504 33865 34305 34729 36383 36633 37657 
dinner 3042431 257 18.69 13.89 13.48
283520 283219 30042 75372 418819 687585 65575 33892 36383 36442 39712 
dinner 2908610 202 23.64 2.75 22.03
285829 1643 33876 33892 34792 36352 36383 36442 36996 38250 36718 
dinner 2910077 267 45.60 4.62 12.01
49391 380547 35849 36577 
dinner 2948738 274 1.08 17.27 24.15
1236456 159476 1080 36207 
dinner 2878200 169 0.82 5.77 26.68
3092 1267 80320 33865 33892 33908 
dinner 81482 124 3.78 7.09 11.04
33792 35325 36424 36442 36480 40637 
dinner 2826198 207 4.05 12.80 18.21
475603 3419 26245 6997 7048 33892 33908 36457 
dinner 44119 396 12.42 10.34 61.81
33712 33865 33889 34212 34447 36383 36421 36442 36480 36846 36848 36636 
dinner 27814 157 7.20 7.50 16.01
33792 33835 33859 33892 33893 33908 36293 
dinner 25367 112 1.55 5.39 13.33
33792 35143 36351 36421 36480 37922 40659 
dinner 106644 298 13.43 16.08 24.39
89916 7175 1435 33892 33908 34212 35785 37922 
dinner 32826 186 1.24 9.47 22.64
33892 33908 33917 34212 35849 36383 38040 
dinner 86571 290 25.12 8.37 27.63
33871 33882 33893 33908 34677 36442 36640 37718 37922 40391 36637 36638 36643 38245 
dinner 2779170 342 47.80 6.56 23.61
7048 1517 7175 33892 33908 285829 33914 36383 36442 36996 38243 35190 
dinner 88395 334 5.89 18.98 34.20
33892 33908 33917 34212 35888 36383 36442 36724 40435 
dinner 2759674 176 28.83 1.73 11.37
56875 245737 28153 211406 33871 34341 36442 37922 38830 
dinner 16041 382 14.80 4.46 71.21
34447 36581 36633 40659 
dinner 2731284 306 29.70 9.92 24.90
287728 6138 1785 3743 36355 299727 
dinner 2746223 322 7.14 25.24 17.88
6138 1080 26245 33814 33882 33888 33889 33890 33892 33893 33908 33910 34212 35001 36383 36442 36480 36848 
dinner 78 549 60.76 5.24 59.92
33892 34215 34447 36383 36442 36457 36480 39727 36643 
dinner 2721752 34 1.42 1.61 3.20
3092 1785 33815 33882 36442 36577 38828 40654 
dinner 57 473 56.88 16.38 30.03
34209 34214 34867 36291 36383 36848 37657 39782 37026 
dinner 72454 293 23.55 12.59 21.65
33725 33892 33908 35103 36442 36480 37922 39821 40396 36635 
dinner 60687 339 4.56 9.78 55.06
33908 33917 34212 34447 35001 36383 36442 
dinner 50490 501 1.85 44.90 21.88
33689 33732 33792 33892 33907 33908 37922 35174 
dinner 338 204 7.16 9.90 21.38
33880 34677 36383 36421 36442 36457 
dinner 102597 303 3.72 19.65 27.47
33892 33908 34305 34447 34861 35103 35849 36442 
dinner 46258 424 8.11 4.60 83.73
34447 34857 
dinner 57669 266 41.23 6.70 11.34
34447 34736 36320 36501 37922 39694 40709 
dinner 101304 284 13.94 8.76 38.12
59814 50553 33878 33892 33908 36383 36442 36457 36635 38110 
dinner 542 294 2.07 13.86 38.00
33886 33892 33907 33908 35103 36383 37621 
dinner 27632 611 10.61 25.40 80.95
36256 36320 36383 36384 36724 37922 38040 38333 
dinner 621 168 5.36 3.26 27.42
33892 33903 33908 33914 34447 35718 36724 40602 
dinner 59672 238 18.56 6.74 25.95
33835 34447 34760 34760 36294 36421 39776 40654 
dinner 26506 378 69.22 9.00 8.44
34212 34857 36442 36848 39717 
dinner 98600 206 9.73 4.97 30.94
6242 7053 7188 33914 34874 43385 36384 36384 36451 38416 
dinner 685 524 6.94 17.96 79.22
33712 33717 33865 33892 33907 33846 33908 34212 34447 35143 
dinner 85353 208 6.83 8.41 26.88
33892 33898 34270 35849 34447 
dinner 604 91 11.94 2.93 5.49
34873 36291 36327 36421 36664 40731 
dinner 41439 490 28.45 32.56 21.29
33696 33706 33731 33792 33891 35185 36442 36581 39093 
dinner 617 290 18.42 10.57 28.30
33793 33882 33891 33892 37702 39137 
dinner 31920 333 32.44 5.39 37.65
33892 33896 34212 34874 36442 37922 38102 38279 
dinner 67446 351 4.84 20.52 35.84
33875 33876 33893 33904 33908 34212 36351 36383 36384 36442 37959 40297 
dinner 33412 572 79.40 12.12 39.84
33871 33876 33889 33893 33908 34305 34677 36383 36442 37922 35953 38225 
dinner 60387 184 27.60 3.62 13.38
33892 33908 34212 35777 35854 36351 36442 36996 38212 
dinner 71492 95 18.29 0.80 5.75
33896 35102 36308 36383 36421 36442 36590 36637 38250 
dinner 51826 364 9.40 10.45 57.00
33890 33908 34212 34447 35001 36424 36442 36590 
dinner 122416 392 3.45 31.84 22.35
406824 3092 1403 33882 34212 36451 
dinner 2562778 90 17.29 2.20 3.33
285829 1998384 33905 34212 36380 36383 36442 36590 36640 36699 
dinner 31061 375 39.49 6.40 41.81
36079 36295 37922 38253 36638 38219 38269 
dinner 281 295 38.62 10.69 12.78
33792 33793 34212 39717 36664 
dinner 59171 323 25.31 7.28 36.33
33792 33883 33892 34447 36383 38334 39717 
dinner 53391 132 0.66 4.18 22.88
33892 33908 34212 36383 35849 38212 
dinner 28884 194 9.15 2.29 29.21
33892 33905 33907 34212 34447 34962 36383 36421 36442 39830 40706 
dinner 25954 256 20.60 6.88 28.38
33786 33873 33882 33889 33906 34212 35849 36377 38416 38801 39536 34498 
dinner 2558588 231 35.34 2.37 19.11
56875 6242 48654 299838 1523492 6673141 1078509 33871 33882 33892 36421 36590 36352 36454 36699 
dinner 32776 349 29.99 15.68 24.22
33892 33908 35105 36021 36320 36352 36383 36590 36848 37050 40602 39717 
dinner 142428 298 28.79 8.74 26.74
3272 83211 33890 33900 33903 34212 35852 36383 38269 38828 40821 
dinner 498 342 9.01 6.25 59.92
33709 33865 34345 34447 36633 
dinner 173531 266 10.26 13.33 27.31
7175 262177 63202 66432 33892 33905 33908 36383 36724 36974 37922 
dinner 112 251 7.59 9.74 31.54
33842 33879 33882 33892 33907 35849 36451 38040 
dinner 20075 357 4.34 16.94 44.06
36136 36442 36480 36633 37922 40355 
dinner 83153 302 16.77 16.52 25.14
34212 34962 36295 36320 36442 37659 38334 
dinner 113991 378 50.28 8.94 27.25
30686 33885 33889 33892 33908 33910 36320 36333 36383 36442 36480 36635 37922 38279 
dinner 68910 159 5.25 1.69 30.01
33882 33892 34447 36442 34874 36421 
dinner 2518455 282 6.90 16.24 27.19
69644 3408 3272 34214 36246 36383 36384 37700 
dinner 2531033 226 35.04 1.12 18.78
242875 49831 32904 49889 65713 200296 82092 135017 4771860 6673141 36442 37922 
dinner 692 454 67.40 2.05 42.67
33787 33871 34874 36383 36442 34447 36718 38262 
dinner 45763 320 2.19 7.94 56.32
33892 33896 34212 34447 36996 40722 
dinner 478 401 9.77 21.40 41.71
33692 33706 33792 35084 36590 33815 40391 
dinner 2510910 214 10.84 13.35 12.92
3419 3092 793 33705 36997 40713 
dinner 1565757 230 14.63 10.17 21.48
1641 34212 36276 36291 36316 36320 36327 36333 36383 36384 36442 36480 36846 36970 37922 38416 39536 
dinner 25794 218 2.84 12.32 22.98
33882 35849 38196 
dinner 21783 340 5.70 11.44 50.70
33882 36414 38332 40391 
dinner 2399350 322 35.58 15.78 10.60
6242 29057 3092 6167 7263 299727 36442 39699 
dinner 74 220 7.24 4.81 35.00
33871 33892 33914 34861 35001 34498 35103 36442 39558 
dinner 45318 232 13.08 16.91 7.20
33689 33729 33792 33892 36771 39093 
dinner 248816 176 14.06 5.83 19.72
58308 6138 33865 33882 33889 33892 33908 36442 36590 36640 
dinner 2201231 316 10.14 8.52 54.53
59237 475603 87010 251177 3420 33903 34212 36442 
dinner 79452 277 8.32 8.94 38.69
33708 33865 36383 36635 37922 34450 38831 
dinner 1542288 342 17.63 16.26 32.18
619258 52432 26245 49508 56357 91288 36848 36847 
dinner 764839 161 6.88 6.49 22.05
33889 33889 33892 33908 34212 34498 35848 35849 35852 
dinner 431836 436 48.72 18.88 21.84
6262 4049182 49809 33905 35849 36383 36457 38110 38250 
dinner 181270 453 13.07 24.93 42.04
93081 86110 59814 2057 5285 6258 33890 36246 37749 
dinner 123755 179 13.82 3.22 24.77
59246 3272 234524 33882 36421 36444 36848 
dinner 728814 267 7.89 8.56 32.48
475603 71004 7705 33892 34802 36207 37740 
dinner 851421 370 30.60 9.58 41.15
6243 6167 36848 39726 40391 36726 
dinner 2122336 354 26.98 9.76 37.48
277953 1643 33689 33888 33892 36664 37922 39719 
dinner 297049 290 27.59 5.85 31.67
3419 3092 29342 99759 33891 33892 33896 40654 
dinner 809056 224 6.61 8.52 28.51
61505 120194 70518 71882 73899 99759 34305 36384 36451 39704 
dinner 2104179 382 7.98 19.99 53.80
7048 152566 235775 848 33892 294912 33908 33910 
dinner 102619 191 5.42 6.44 29.38
64713 4049182 5948 33892 33908 70917 35852 36442 
dinner 227446 370 36.67 17.93 18.54
7175 5340 1695 33872 33890 33892 33905 33908 33908 34212 34212 35917 35944 36442 36848 36996 
dinner 618 227 17.62 9.22 19.01
33889 33892 33908 34677 34856 36279 36492 37922 36643 40637 
dinner 650 296 17.14 9.16 35.68
33892 33908 35001 35849 36442 36480 39559 36637 38482 39830 
dinner 761 248 12.67 9.75 26.34
34214 34866 36310 36320 36412 38416 40391 
dinner 59722 265 12.53 8.91 32.47
34857 37154 38416 39558 
dinner 68673 342 14.64 21.82 22.13
33695 33712 33792 33793 33892 33908 36581 39128 40590 
dinner 77600 68 1.62 4.06 6.06
33734 33792 33793 33892 33907 33908 34349 36333 36442 
dinner 129994 199 23.07 1.46 21.91
103676 61903 36442 34447 36643 65714 38245 
dinner 242616 351 53.12 4.55 30.28
82274 52658 31914 58850 569493 33871 
dinner 1679467 192 39.02 1.98 9.37
475603 518402 101923 33712 33889 35084 36480 39713 
dinner 1272347 225 10.80 9.17 25.00
2178 6138 33865 33889 33891 33892 33893 33908 34212 35001 36383 36442 
dinner 2016668 366 62.87 8.10 12.58
553374 2574191 1245672 33865 33889 33893 36383 36617 
dinner 2010154 272 2.87 18.11 21.21
77088 33892 33908 33917 34212 34751 36383 36724 37645 37796 
dinner 1412967 243 10.84 7.00 32.40
49835 26316 5290 33814 33888 33892 36457 38828 37983 
dinner 27339 280 36.26 15.20 7.34
33681 33786 33875 33876 33877 33890 33908 34263 35849 35854 36380 36383 36384 
dinner 62779 178 29.96 5.21 6.57
34212 36308 36421 36442 36480 39790 
dinner 519 594 116.84 4.10 23.74
33871 33896 39713 38250 
dinner 382 427 5.06 36.30 20.01
33698 36136 36636 
dinner 467 59 7.76 0.84 5.22
33793 33871 33882 36583 36590 36633 36695 39715 
dinner 1948646 268 10.29 11.96 33.35
229046 1147521 657776 1948660 33877 33882 33890 36291 36421 36442 
dinner 150372 225 41.80 0.79 13.48
6243 33908 36320 36442 36494 38279 
dinner 1447305 860 84.04 35.64 49.54
30381 3419 78707 200323 33910 2972 36281 36425 37657 37740 
dinner 1445643 182 14.80 4.65 20.19
82091 33871 36442 37922 38244 40391 40713 
dinner 291053 206 36.25 1.26 11.26
221944 26072 291091 291093 291099 5317086 33871 33876 37922 
dinner 1041010 246 28.63 8.08 16.07
46142 3419 44673 33820 33894 33908 34212 36327 36343 38828 
dinner 83 314 12.31 3.16 56.06
33866 33892 33908 34447 36320 36333 36383 36457 36493 36633 37922 
dinner 95 354 24.93 3.34 57.19
33893 33905 33908 34447 35105 36383 36442 36457 36480 36633 
dinner 91 177 2.23 2.32 35.10
33892 33908 35849 35852 36457 38065 
dinner 192 322 5.26 24.90 18.99
33697 33706 33706 33712 33731 33792 36343 36383 40713 40713 35174 
dinner 267 499 6.03 21.00 68.28
33706 33717 33882 33889 33892 33908 34212 34447 36633 
dinner 326 304 6.55 12.43 40.16
33792 33892 33908 36581 36848 40391 40627 
dinner 333 242 2.03 17.18 18.97
33712 33792 33892 33908 34212 35103 36383 36457 40396 
dinner 349 288 17.84 14.92 21.29
33708 33712 33717 33792 33865 33889 33891 33903 35084 36590 
dinner 566 203 1.51 13.44 19.46
33712 34212 35854 38212 
dinner 568 318 5.36 7.34 55.28
33896 34347 34447 37922 
dinner 758 175 2.31 6.10 26.22
33835 33891 33892 33908 36383 36421 36442 36480 38332 40391 
dinner 8324 600 4.38 26.67 81.23
33681 33712 33720 33792 33892 33908 34448 35143 
dinner 10544 785 5.05 45.62 83.22
33708 33803 33882 33891 33892 33908 36442 36480 36643 39321 40396 
dinner 23547 308 5.06 12.06 43.66
33695 33712 33890 33892 33907 33908 34447 40602 40658 
dinner 24839 165 2.42 7.25 23.20
33893 33906 33907 33908 34349 38212 
dinner 54421 162 9.56 6.20 18.32
34327 35105 35853 36383 36384 35863 36724 36848 38018 38333 
dinner 73008 232 8.98 5.52 25.04
33892 33908 34212 36351 36383 36384 36451 37749 36460 38110 
dinner 74318 217 16.66 10.15 14.87
33708 33717 33792 33889 35084 36577 37922 39767 
dinner 75398 312 26.86 9.49 29.85
35115 36664 40391 
dinner 77257 237 5.25 13.54 22.78
1825269 47613 34214 36384 38196 38321 
dinner 85322 262 53.42 2.38 10.58
49809 33872 33873 33875 33876 33904 36383 36384 36442 38269 
dinner 97707 170 11.65 9.18 11.15
51977 783273 34870 35854 38356 57144 
dinner 88557 122 10.52 4.73 9.58
33892 33908 34194 36442 36848 38211 38794 38828 
dinner 112437 186 3.71 8.99 23.33
3419 4049182 33882 33892 33908 38212 
dinner 127911 372 12.29 16.42 44.42
1717231 6166 6234 33871 33890 46740 33914 34212 35849 36442 36633 
dinner 138473 295 39.68 8.94 16.71
3413 808063 1260 3420 33908 34212 36383 36421 36442 36633 39078 39708 40713 
dinner 158154 251 6.06 13.40 25.60
68819 33712 33718 33882 33908 34321 36457 38037 
dinner 213200 221 8.81 6.27 23.56
93081 2315684 47442 71469 1477 36457 
dinner 213955 394 43.51 9.93 33.80
3092 65061 65716 89783 112234 149354 33712 33892 33905 33908 34212 36383 36454 36726 
dinner 728862 183 6.41 5.20 28.18
810776 4474 55102 71004 263378 369775 959000 33893 34962 36383 36384 36848 
dinner 809052 185 5.92 8.58 21.27
475603 285159 33908 34305 36384 36480 38333 
dinner 868451 450 0.43 30.99 39.91
518752 180303 62213 263382 2057 283520 36383 36457 
dinner 963065 352 41.70 10.81 22.11
518752 298864 116322 6253 283520 519595 836087 33815 
dinner 1072281 454 34.12 22.89 29.26
196978 3092 77671 883689 39830 40653 
dinner 1217911 236 11.02 10.22 21.28
7649 680123 51544 3272 7048 34214 34867 35102 36383 38687 36291 
dinner 25306 376 40.75 7.77 35.02
33814 33893 35103 39536 34447 35855 39558 39830 
dinner 1632426 287 24.58 11.12 22.15
338614 79488 803 33814 33872 33892 33908 34996 35103 36320 36442 36457 36469 36503 36957 39830 40391 
dinner 28366 408 27.88 15.68 39.48
33892 33908 34857 34861 34678 36351 36640 36726 38225 
dinner 77259 330 15.16 3.08 56.95
33882 33883 33894 34447 35938 38332 
dinner 79748 378 65.09 6.71 16.97
33876 34212 35854 36351 36383 36442 36480 36638 37922 38225 39712 
dinner 80260 192 12.82 8.01 17.00
33684 33792 33888 33892 35786 36442 38828 40391 
dinner 123825 147 5.26 3.05 24.12
93081 5290 234524 3272 33892 33907 35103 
dinner 123830 190 9.72 6.47 22.60
93081 7189 234524 33892 34214 34870 35850 
dinner 144983 308 19.27 12.94 26.38
3092 50583 34729 38830 40396 
dinner 149353 150 5.40 7.39 7.88
59824 33892 33905 33908 34212 36383 37749 38110 
dinner 165282 543 100.17 13.88 12.59
61356 29050 31913 55102 120194 7175 36383 37026 
dinner 169915 397 26.41 17.66 30.50
6250 6166 55304 56106 36633 39068 
dinner 187580 166 24.43 5.69 7.31
122837 430926 107368 6673141 6166 36413 
dinner 216769 244 23.53 6.11 24.03
6229 1643 33892 33917 34212 35849 35852 39536 36979 36494 
dinner 219617 117 13.38 4.08 7.37
1410100 77513 31820 1641 33882 33889 33892 35108 36577 
dinner 196731 204 28.62 9.34 8.41
87761 33827 36996 36640 36643 
dinner 160280 182 7.95 8.76 15.48
47632 34214 34677 34867 36383 36384 36451 37922 40779 38321 38358 39704 
dinner 166126 294 40.96 8.49 19.85
570035 1286 5955 33889 33892 36383 
dinner 332 80 4.32 6.98 1.36
33892 34212 36590 
dinner 194971 253 50.63 2.71 12.58
29523 48252 33882 36421 36266 36464 40659 
dinner 95393 302 33.64 13.44 18.22
93288 93282 33814 36308 
dinner 70746 200 6.41 7.65 25.09
33906 36333 36418 38040 36454 
dinner 53817 414 50.66 12.19 30.91
33712 33865 36383 36442 36421 36590 36726 39790 40637 40700 
dinner 203496 482 9.80 43.20 15.68
6229 3092 1080 33689 33892 33908 36320 36327 36442 36577 37922 36848 
dinner 118558 798 58.87 40.03 47.13
83026 7039 1516 33800 
dinner 71702 176 3.74 10.04 18.12
33705 33754 33793 34212 34857 36581 
dinner 199028 80 12.30 1.79 4.08
3411 36383 36384 36469 37922 38279 39715 40734 
dinner 171647 199 8.35 6.92 26.26
3273 75714 33893 33908 34212 34214 36384 37922 39558 36246 
dinner 123925 300 31.81 7.59 24.31
7175 58583 2090261 3272 3092 6250 33793 33894 33908 36316 36451 63939 
dinner 56727 296 7.90 20.16 20.88
33876 33882 33890 33892 33908 33910 34212 36442 36480 38040 
dinner 155666 154 29.77 1.40 6.30
6258 33876 33892 33908 36383 38269 39830 
dinner 126894 133 12.21 6.13 8.58
104615 36276 36320 36333 38359 
dinner 119557 206 5.06 1.57 41.05
92779 3273 35850 36383 36384 63381 36451 
dinner 591 271 1.91 6.34 48.59
33792 33882 33908 36442 38084 
dinner 363 170 4.35 7.72 20.06
33792 33892 33893 36383 36442 36848 40391 40637 
dinner 1861773 432 28.82 25.96 24.64
54889 3346 33892 33908 35878 34483 35885 36333 36413 36724 39536 40653 37922 
dinner 1831211 265 1.66 14.11 30.87
45261 283219 31886 4109655 1641 33814 
dinner 1813944 275 2.32 7.88 46.70
515812 475603 33908 38079 
dinner 1665237 297 30.75 6.02 27.14
518592 6994 211406 229825 250858 6258 244577 2178 33892 33893 33908 33910 34212 36333 36383 36442 36452 37738 37922 39752 
dinner 1612201 354 57.06 5.16 22.50
233610 52619 1517 6242 6176 299727 33876 33890 33893 34996 36320 36383 36442 36452 36996 
dinner 1605577 320 41.04 4.18 35.20
4013663 3031807 43434 33871 33876 36383 36442 36635 36996 37922 39432 39541 
dinner 1603535 389 34.85 17.32 23.96
283520 1643 3001 33699 33905 36383 36442 36590 39712 
dinner 1595900 289 31.17 7.30 28.46
810776 4474 77671 263382 4513 283520 33883 33893 35102 36291 36383 36451 38416 
dinner 1512360 317 45.24 8.13 17.93
41592 7048 126830 1785 33892 6174 35105 36442 37922 
dinner 1586500 302 36.11 7.02 25.26
421771 53879 3031807 33712 33755 6149 33812 33812 33815 33872 33887 33889 34305 36442 36640 
dinner 1544046 357 64.14 6.88 12.04
119095 122830 47188 36333 36442 36480 39714 
dinner 1507784 582 16.33 31.99 54.60
6246 1097 34996 35103 36421 36442 36957 37631 39830 37749 
dinner 1498331 363 28.97 8.21 41.99
6242 7185 54889 300613 283520 305067 1643 33875 35950 36383 37922 
dinner 1467265 182 25.38 2.61 12.49
49391 69602 62303 62321 33793 33892 33905 33908 38212 
dinner 1404683 691 92.74 14.29 53.72
6177 1998384 43434 6673141 33871 33889 33892 33908 36320 36383 36442 36996 36640 34678 38240 
dinner 1367521 350 19.54 21.39 19.09
518594 36208 36320 36383 36442 36451 36633 37922 36493 
dinner 1340914 302 13.73 17.40 22.33
229827 283520 29381 77436 211406 3092 2064 33906 33908 34194 34861 35849 36442 
dinner 1358389 300 26.51 8.81 24.82
86110 378166 34996 35103 36320 36333 36442 36493 37175 37740 
dinner 1325914 236 20.42 6.24 29.96
415316 148606 48833 81846 33793 687585 33882 33890 33892 33905 39830 
dinner 1277456 273 31.42 4.07 28.29
32430 1727595 33793 33865 33892 33908 38828 40567 
dinner 1277676 417 10.51 22.39 36.96
109622 3273 34729 36383 36442 34873 37662 39802 40661 37790 
dinner 1293900 133 9.13 3.00 16.89
56871 577617 29523 262035 997061 5058585 33889 33891 34447 
dinner 1273666 304 36.52 15.60 8.06
229046 1517 79431 1099 5588 6994 33900 33910 34874 36320 36333 36408 36701 
dinner 1234205 452 1.61 21.63 59.69
152076 1512889 1641 34212 35102 
dinner 1146236 149 3.03 7.37 18.44
229871 35848 38049 
dinner 1091546 272 18.84 9.20 25.19
59237 261203 77671 3863851 33889 33892 33905 33908 35961 37749 39830 35875 
dinner 1080701 194 10.89 11.20 13.78
59241 1260 46837 226940 33889 36442 36480 
dinner 1068350 215 11.79 13.52 11.96
3092 33689 33812 34305 36383 36442 36590 36617 
dinner 1068289 225 13.70 12.10 17.08
56871 56875 33699 1267 283219 354050 33793 33794 33820 33892 36352 36442 36590 36848 36970 
dinner 1060363 188 35.27 1.32 8.98
4513 251177 33877 33882 33888 33892 34792 38279 
dinner 1043961 216 27.02 9.29 8.64
518752 6242 6138 33889 33905 485524 34212 36383 36421 36590 
dinner 1002184 259 6.19 12.94 29.60
80314 126211 50331 77671 127137 33891 33892 33903 33908 35142 
dinner 934722 226 15.33 6.27 27.43
7175 33905 34870 34996 36442 36480 36846 40391 
dinner 903618 740 89.01 28.04 37.68
95711 309939 49068 1261 1869 1876 
dinner 899414 221 1.83 14.25 20.99
298864 283520 33892 33905 35849 36383 37983 
dinner 852640 245 35.63 5.62 14.10
485524 2357508 248754 33871 33892 33908 34212 36383 36442 36480 36590 36848 35190 36637 38240 38255 
dinner 848457 438 7.38 30.26 25.60
6994 307205 1435 33900 34212 36442 37084 
dinner 811847 213 8.25 8.35 25.70
5268 29183 33712 33892 33902 283219 36460 38091 
dinner 800332 454 14.61 19.44 57.27
69613 262265 87491 3353 6268 6010 77671 36383 36384 36320 36667 40478 
dinner 732950 522 47.04 25.25 27.51
475603 283520 1785 6174 6138 36421 36442 36493 38245 38255 
dinner 714489 260 22.27 11.40 17.49
51746 71345 5295822 36414 
dinner 690899 438 61.65 13.05 17.86
283520 298616 33892 33905 33908 33815 35850 36464 40660 
dinner 686795 162 10.24 5.64 17.79
52432 6242 67746 6138 36333 36442 36848 36970 40391 
dinner 679312 213 9.40 8.73 26.17
518696 33871 33889 36081 36383 
dinner 658673 244 1.18 16.35 24.13
516013 147995 430233 3889898 33889 283520 35854 
dinner 657360 196 28.87 7.16 5.39
3253 4945917 36320 36503 
dinner 564489 502 59.78 26.22 17.40
29183 283520 57095 89216 33712 283219 36336 36442 
dinner 547286 534 112.40 2.57 15.00
3092 33908 36442 36493 39830 
dinner 542344 339 45.66 9.95 19.68
283520 59052 68394 211406 250858 633859 77671 36246 36320 36442 
dinner 513559 571 59.62 14.92 58.99
285829 50215 68813 1641 33871 33876 33892 35001 36333 36928 
dinner 494750 129 24.54 1.01 5.35
1643 277951 36664 39071 39704 
dinner 455307 398 13.22 21.49 34.16
64831 33876 33892 33908 36039 
dinner 463545 93 2.30 3.37 12.30
6246 53247 35103 36217 36452 36635 
dinner 469160 260 31.45 13.34 6.08
154872 6175 33871 33876 33893 34212 36383 36442 
dinner 450792 327 41.49 8.33 23.42
619258 262167 68394 92139 181910 36246 36320 36383 
dinner 426962 212 34.07 1.13 17.34
991805 123466 55856 65716 35102 36442 38235 38243 
dinner 400143 348 65.57 3.61 16.87
4513 35084 35850 35962 36308 36320 36333 36383 36442 39558 38243 
dinner 391897 616 55.53 30.04 30.80
7142 800 3728 33892 33910 34683 34731 34769 36664 37922 
dinner 389031 249 22.48 12.67 13.16
3092 283219 33700 33752 33892 33906 33908 34212 36421 36493 36442 
dinner 357008 376 37.12 9.27 37.74
64989 27303 211406 1928814 33893 36454 36581 38243 
dinner 350874 84 9.58 2.47 6.06
1123662 26245 753260 33725 33892 33908 
dinner 344562 199 4.76 7.94 25.42
61356 3408 51987 2057 36384 38416 
dinner 297083 236 18.16 8.03 23.22
3092 80701 107397 1264 33696 33712 33892 33908 36457 37922 40396 
dinner 289071 494 65.16 10.74 29.89
283219 133172 34212 37778 35311 36598 
dinner 272579 470 49.94 11.53 43.66
1477 34212 36320 36442 37922 39688 
dinner 268436 355 48.22 6.80 23.10
6999 3419 75422 33708 33820 33908 38087 
dinner 262360 219 18.21 7.88 18.86
58010 110417 5679491 6848170 1100 6176 33877 36383 36442 
dinner 260090 303 31.54 13.20 17.55
1429628 1262 33717 33917 34212 36320 36442 36493 36598 
dinner 246984 339 50.75 6.63 20.54
56869 56871 122697 34212 36442 36480 38260 
dinner 56 214 10.84 11.83 16.23
33883 33887 33892 33907 33910 34861 35888 36383 36442 36451 36480 36633 36640 36848 38828 40401 
dinner 87 271 11.64 3.54 45.46
33863 33872 33889 33892 33908 33910 33914 34447 34456 34861 34861 36383 36442 39558 
dinner 58 346 20.02 15.20 26.17
34214 36383 36384 36451 37945 37682 38333 39558 
dinner 80 469 30.80 10.09 56.96
33883 33892 33914 34305 34447 35732 35878 35933 36421 36442 36633 37749 38416 
dinner 84 271 8.90 4.42 46.52
33761 33882 33883 33888 33890 33892 33896 34263 34447 34456 34861 35381 
dinner 94 292 9.48 9.99 38.44
33712 33792 33908 35103 36442 36457 36957 38828 40391 
dinner 130 449 11.76 33.59 23.74
33892 34305 34870 36107 36451 36848 39559 
dinner 113 241 9.50 10.36 26.42
33840 33879 33907 33908 33914 34194 36377 36383 36442 36457 40391 
dinner 150 395 1.94 19.62 49.92
33814 33876 33882 33890 33892 33893 33900 33908 34212 36188 36957 
dinner 51 284 11.36 15.99 22.53
33866 33867 33892 33908 33914 34305 36310 36442 37922 39559 37710 38895 
dinner 107 420 46.19 19.98 17.25
33689 33892 33905 33908 33909 34212 36320 36383 36421 36442 36493 36551 36590 36633 36640 37922 38244 38333 39290 
dinner 146 480 1.19 21.77 65.94
33892 33907 33908 34319 35103 35849 36343 36452 36457 37518 
