lunch 78448589 256 3.12 15.75 28.38
59252 68267187 57696 76960 370659 
lunch 76970858 337 37.48 6.80 29.51
378334 3374284 2619865 6370864 
lunch 75086043 296 10.56 12.54 32.18
13173485 6034 3387797 6370864 36957 
lunch 73426959 427 4.62 23.95 46.23
5268 48933 427528 21676738 1641 305067 34212 36333 36451 
lunch 73287603 216 8.11 14.66 13.13
3190318 305067 36333 40270283 61008016 754131 
lunch 73013483 130 21.77 2.42 7.10
229046 283520 80127 5286 6256 6258 211406 1264529 1283627 1611406 36333 305067 
lunch 73005907 250 10.11 14.26 20.63
283520 109271 3092 33793 36246 36454 
lunch 72902868 135 19.27 4.88 4.78
229046 283520 71464 5286 6256 305067 211406 974040 1264529 33892 6244 6258 36333 36557 
lunch 72230323 433 48.26 16.61 22.96
8131140 77587 31914 49541 55174098 794 
lunch 71710274 794 75.04 18.01 86.10
518752 75536 48833 33908 33910 333937 34212 35850 36451 36246 
lunch 70480915 293 47.59 5.76 12.84
54324352 67464158 29387 85573 
lunch 70426774 350 35.70 17.38 11.20
27580 519595 43344 66325 6254 36377 
lunch 69478059 388 53.58 14.68 13.66
6242 283520 1386346 6151 285829 299727 33689 35854 36383 36442 39712 
lunch 69401930 126 3.96 7.87 10.67
283520 3272 65577 33871 33882 33888 
lunch 69238420 540 69.13 23.99 19.06
6258 32696412 3379 5268 5422 564129 34194 36333 36413 485524 
lunch 69329147 223 8.20 15.64 13.20
283219 1249 3092 6138 33871 303408 33890 34212 36352 36442 36848 
lunch 69398091 321 9.41 22.02 20.77
229040 54575121 3009332 3048187 30424490 33882 33892 33908 
lunch 69397685 229 30.01 8.42 12.24
294912 71464 53308 1283627 2521661 305067 211406 2158383 63532545 34212 35850 39536 
lunch 69240441 278 10.02 20.71 13.32
3094 33877 33915 34194 36333 36457 
lunch 69022540 54 2.98 2.63 4.52
7156 3345875 101077 615974 12277309 3092 33879 33892 33908 
lunch 68845510 221 15.41 11.59 14.14
62863 6256 2643840 8686522 3094 5729 33906 36376 36557 
lunch 68838772 129 8.00 7.54 7.23
56868 378640 229039 6118 283520 285829 5992089 45668351 3092 33876 33882 36442 37922 
lunch 68643075 371 49.91 15.49 10.35
305067 285829 144843 659204 6809 687585 33815 36377 
lunch 68516911 442 17.62 21.01 44.73
7022 6250 7356592 3092 2108 6034 36376 33815 
lunch 68154930 452 48.99 13.99 33.67
1729106 10182553 32891429 36654001 33882 33890 
lunch 67677377 178 12.46 9.54 11.00
27152709 221262 250863 488710 2015305 5666979 
lunch 67505755 140 5.42 6.38 16.09
3939870 7048 48833 250863 285829 
lunch 67058578 78 0.05 5.46 7.20
3092 7023016 34212 36457 
lunch 66501745 277 35.09 11.12 14.86
6164883 52941690 80682 15300467 283219 
lunch 66280527 470 44.14 12.80 41.13
3903329 3333808 41935 59252 375908 18647874 38601245 1641 
lunch 65774355 236 45.04 2.26 9.10
87491 12890251 2767129 36474 
lunch 65662639 308 30.85 4.46 33.57
518607 518752 250863 4938350 283219 283520 44754 659337 33904 36333 36383 36384 4881229 
lunch 65509179 224 10.38 6.47 29.79
6164883 5641608 67092 3092 
lunch 65349586 354 8.41 21.61 29.34
10614385 77587 250863 1310064 9218056 3092 34212 38820 
lunch 65068104 85 12.16 2.84 4.60
43858 25170070 3374284 5718 36996 305067 
lunch 64877032 262 21.56 11.34 21.77
475603 69507 344056 1482821 1560411 34305 36442 
lunch 65071067 39 3.70 0.50 4.56
45771060 250863 615974 2109 36964 
lunch 64859150 452 12.15 32.72 29.31
11475030 3219230 1773410 1695 33868 33872 33898 33900 35718 
lunch 64401659 328 42.20 6.49 22.34
6242 13276583 404819 2102625 305067 4852768 36996 
lunch 64031590 634 15.22 39.60 52.94
518752 229039 30042 184726 1265516 1283627 2057 6138 33699 33889 34212 34252 36442 
lunch 63974647 869 85.66 29.77 62.28
149288 299719 1660 
lunch 63925395 248 10.41 11.65 25.32
229040 75445 2050283 34305 36320 36327 36442 39559 
lunch 63793212 157 15.06 6.23 11.55
59241 6536 122290 36442 39719 40713 
lunch 63745843 348 10.41 20.36 29.66
27165 305067 5481 33908 36383 1389 
lunch 63422930 282 36.62 4.45 23.88
3332763 4184515 61231 21676738 33892 33908 36320 36383 35190 
lunch 63319451 67 8.78 2.26 3.96
285829 3092 6250 6138 36320 36442 36577 36996 
lunch 62910843 230 6.35 15.28 16.19
23763376 3345875 1905179 4295326 43153068 34212 36291 
lunch 62753638 768 95.92 31.39 29.55
283520 2562471 3479186 6233 33815 
lunch 62443935 244 27.17 6.74 16.58
49651 59015 665910 1641 
lunch 62157608 549 16.74 35.58 40.36
1409356 30042 3790688 2059 36320 36333 
lunch 62100191 575 86.52 12.06 27.31
262245 298864 64701 75445 6256 475603 123180 1905179 27416088 3092 33892 4881229 
lunch 61228110 272 11.86 16.87 22.38
475603 23763376 74198 211406 856471 5635401 1355 34304 36276 36314 36384 
lunch 61226546 146 9.25 9.31 6.88
528523 59252 11466505 33778916 
lunch 60300253 531 34.86 12.12 75.66
6258 338614 196978 1078509 3092 475603 33712 33892 33893 33908 36442 
lunch 59325565 300 58.99 2.94 12.85
5430624 3618209 1360735 14141065 33002152 59325545 36377 36970 
lunch 59174295 505 39.35 23.42 33.28
475603 59252 101104 14323811 283219 421527 34212 
lunch 58765207 206 8.19 10.66 21.91
475603 135361 1624102 6296 36442 36480 36590 36996 
lunch 58700185 284 18.83 14.00 21.27
56874 518736 56871 250863 262298 338614 71233 16484676 36291 33815 
lunch 58590261 538 61.79 15.72 37.08
5910397 6549 1695667 1641 33905 285243 36577 
lunch 57441040 76 6.05 2.93 5.93
518736 66614 493614 3066155 33793 33814 33879 33892 33908 
lunch 57312487 187 14.76 8.51 12.60
6256 79488 1886382 27723290 800 3092 141936 
lunch 57311348 97 9.46 2.35 9.26
1268286 30978624 6253 283219 283520 475603 69692 69862 5478737 33390545 34792 36421 36442 4881229 36590 36768 
lunch 57286900 139 14.18 2.26 14.87
119095 6242 5718 36442 4881229 
lunch 57279020 149 5.63 1.65 25.80
1748429 305067 2322419 8778550 20768352 4881229 35850 36333 
lunch 57256994 202 20.21 9.57 11.03
11673132 80118 10590143 11596980 1894 305067 36333 
lunch 56982097 321 14.45 13.00 31.92
518743 518752 681436 914073 1916493 3092 2977631 33712 33865 36442 
lunch 56694055 104 2.40 5.56 11.32
518607 164484 3009332 2064 3092 285829 33906 33908 35850 
lunch 55960444 384 39.44 14.58 29.43
518607 518707 518696 5622665 12874451 283520 31914 122290 216888 3011486 3791289 33871 33888 36590 
lunch 55961380 149 18.13 2.53 12.74
1863499 6242 1905179 2268789 7795508 9760316 1951422 36454 2057 
lunch 55959387 234 27.96 11.21 6.58
1014703 29523 151674 1529522 14323811 283520 36577 519595 
lunch 55869741 302 4.13 24.27 18.86
2067591 5910397 3092 33814 
lunch 55720996 84 2.86 3.41 9.58
283219 3092 1729106 33793 
lunch 55586439 579 33.90 40.82 20.49
436210 262272 55783 70803 45771060 39068 
lunch 55490052 160 20.55 7.69 12.48
50421626 7361149 6138 33708 33889 
lunch 54714568 98 6.99 1.89 12.89
4506920 10762763 6536434 9516715 19485019 25126429 33892 
lunch 54433283 176 21.13 7.59 6.06
93197 3686230 1894207 4938350 305067 
lunch 53849634 576 74.51 24.22 18.42
2383661 283520 62946 211406 1482821 5471236 59257 6403 33892 35752 36457 305067 4377215 4743301 39536 
lunch 53628985 295 23.66 16.26 17.17
71233 34212 36308 36383 36442 36577 36590 
lunch 53211756 406 41.70 22.68 11.65
298864 294912 138278 317669 3094 305067 71464 6387453 32969040 5718 33892 36383 6229 4743301 36398 36598 
lunch 52663364 436 51.72 19.53 14.54
26078822 70518 2696085 3162709 6254 34239 36376 
lunch 52601013 418 40.88 15.38 28.16
51241093 5571 46836 3009332 3405055 6254 40401 
lunch 52453118 198 32.77 3.31 13.82
6266 36547442 1690451 4779743 5285 285829 36376 36398 
lunch 52324929 436 14.43 28.08 30.07
53247 133530 4108515 40264183 36577 519595 40407 
lunch 52133123 365 13.90 30.88 10.82
1170291 6246 4254776 11870979 36291 283520 36442 
lunch 51973366 312 33.19 4.98 30.14
3092 62303 891561 
lunch 51943377 295 9.87 13.52 29.79
518752 48838 6032301 8131140 3092 283219 2977631 
lunch 51416868 132 17.46 6.68 3.83
518696 16280323 11661636 33876 33890 6242 33904 33908 34212 36438 36442 
lunch 51023141 289 26.58 6.37 29.84
518752 475603 80314 250858 3618209 11184755 65716 3515378 
lunch 50909791 104 10.75 2.38 10.17
124977 1518719 71004 667008 2754561 6255 7255145 12153712 33882 36333 36412 36996 
lunch 50886355 344 35.39 18.80 12.98
2290756 1252 159258 1182452 6138 36376 36398 
lunch 50825056 222 8.30 9.56 27.37
4350223 42566289 59252 4723234 3092 33888 
lunch 50659849 200 3.88 12.96 16.29
7022 48933 2286963 3094 36333 305067 36958 
lunch 50625479 40 3.04 1.74 3.50
28179457 53308 148606 6370864 39708720 
lunch 69361559 443 38.21 22.74 23.94
1249 6296 3740 33706 33905 17390971 36421 
lunch 69239732 463 34.82 30.22 15.94
5270 283520 3092 3741 5387 299727 33699 
lunch 69326965 647 78.92 23.00 34.82
62576842 283219 15558207 6578 34212 519595 36383 
lunch 50145466 59 3.78 3.31 2.95
2753681 13304016 2317730 16070014 29500362 
lunch 50124177 189 14.71 10.10 11.85
6237551 3272 1705400 4996130 1424 29780512 36383 36846 
lunch 50033315 283 7.78 11.44 35.55
3092 6138 513528 1641 34870 36383 36724 
lunch 49843034 548 35.04 37.14 22.50
298864 499160 55801 793278 2521661 14223444 261203 944965 1283627 2158383 3509164 2057 5286 6229 19693321 33892 33915 36494 
lunch 49723335 162 20.06 7.05 4.89
285829 6809 1886382 3500345 35156314 40690840 
lunch 49072779 268 13.43 15.84 19.90
285829 69202 11216321 36291 36320 6254 36333 
lunch 48661793 128 19.57 4.01 4.45
147995 15862672 250863 33892 33904 34212 36383 37922 39714 36640 
lunch 48417787 494 79.72 11.67 21.09
147995 283520 74312 33890 33892 299727 33904 36327 36383 
lunch 44210407 406 44.01 20.64 17.09
79488 351025 33681 
lunch 47696264 229 7.22 9.73 27.96
338614 7344824 2073025 3160612 8877146 6296 33703 33713 36383 36590 36640 
lunch 47274700 266 3.21 17.78 26.05
164484 3092 11513522 33892 33908 
lunch 42384638 306 39.22 8.50 20.00
5041058 5110191 69078 2175415 12874451 4881229 36291 36320 36383 36429 39536 
lunch 8629075 192 18.09 6.88 12.70
2716179 233610 31914 56864 1682790 7571853 2642823 36442 40401 
lunch 27801251 468 12.36 32.64 30.44
4377215 66558 2158383 7295408 33699 305067 34212 37700 39558 
lunch 27772221 218 11.30 13.16 12.05
774208 6234 77985 33882 33893 
lunch 27457208 334 9.32 18.91 31.60
3094 6254 64562 66325 2102625 
lunch 27225863 124 1.93 1.02 24.49
6262 2102625 2109 36442 
lunch 25841506 220 29.07 9.48 6.49
4070565 751556 33872 35718 
lunch 25154841 423 66.27 9.26 22.16
25789 59252 537348 2244245 5996621 285829 36442 406742 
lunch 25145683 380 44.34 10.83 28.73
11666188 64562 5729 33892 33908 36978 
lunch 24807978 261 44.29 2.89 13.12
448901 88905 44508 44754 33892 37922 
lunch 24663607 233 43.04 4.96 5.29
2290171 3951670 62938 300613 386430 7705 34212 36442 36505 
lunch 125969 286 42.97 4.28 18.38
56095 106254 33871 33892 33903 47477 36320 36442 37922 36637 
lunch 24529161 132 8.76 10.86 2.52
6242 305067 211406 6138 6471 33889 33908 34212 35752 35849 
lunch 24456331 165 14.34 6.86 10.76
229040 2767226 49832 1315866 2391498 2767129 4863953 33892 35103 36442 36480 37922 40401 
lunch 1694544 132 7.23 5.30 13.82
91020 47613 26294 253129 36452 36825 
lunch 22965581 430 33.55 34.49 5.56
577617 263348 48850 262298 7185 6223 21447679 6233 
lunch 22863892 186 18.98 8.70 11.51
4350223 475603 59358 12874451 33814 305067 33892 33908 35001 36308 36320 36421 
lunch 22783008 96 8.38 5.34 2.71
58865 2587103 29997 33879 36333 305067 
lunch 22706361 175 16.45 6.01 16.70
283520 6250 33142 343635 3639622 5928452 
lunch 22657932 34 6.78 0.31 2.25
256138 6005 33882 33888 37922 
lunch 22202732 108 10.17 3.29 9.04
10193036 33906 33908 34212 35849 36377 36442 
lunch 21684075 315 3.00 17.96 35.24
309523 2328062 6513867 4881229 
lunch 21682386 546 11.43 47.14 19.00
15651311 7114596 52846 9250853 14269692 
lunch 21703302 99 17.76 1.87 3.79
6433 299727 33876 33892 33893 33908 34212 36383 36442 37922 39712 
lunch 21716515 416 9.20 36.25 16.03
15651311 11583321 3092 6292 36308 36314 
lunch 21654185 122 9.61 4.68 11.44
7153 2268789 1446547 39783 
lunch 13957311 175 7.18 10.98 11.92
25531 45261 430972 551866 1352568 5387 36377 
lunch 13308101 328 65.24 1.58 13.03
41562 1268286 4506920 6003989 3419 6629 6138 33905 37922 
lunch 12909689 222 34.42 6.80 5.48
298864 6408 52746 1299414 33876 33889 34212 36320 36383 36442 37922 
lunch 12883967 253 58.30 0.74 8.05
6249 8150873 36398 37922 
lunch 12115351 352 75.00 1.00 16.25
518736 229053 59258 3863851 6221242 
lunch 12082284 212 30.94 3.58 14.22
3642 7015956 80150 
lunch 10647179 205 22.98 5.77 16.20
279052 59258 4308635 36320 36333 37922 
lunch 10549195 106 5.45 2.45 15.99
64671 260624 255396 503741 3092 33871 
lunch 10294299 268 31.33 7.83 18.17
338614 2353080 41563 3205681 4308635 
lunch 10257794 186 10.31 6.00 21.25
27124 76960 27330 95701 1578833 4308635 37922 
lunch 10072291 208 24.77 7.21 11.13
97316 1641 27656 83179 7180738 33892 33903 
lunch 9979858 373 43.24 11.28 23.05
59252 1901688 59053 124088 3790689 4308635 7953818 33815 36442 
lunch 9979892 192 2.78 9.71 23.20
97316 262035 8394954 33815 33891 33892 35849 36383 36442 
lunch 9955269 225 28.73 2.41 23.58
64631 4951495 27140 27389 4718517 3007 50215 569493 33871 
lunch 9898405 274 29.06 7.90 21.36
64631 3060709 80577 119529 4308635 37922 
lunch 9938464 244 10.72 20.93 6.58
97316 475603 3272 7048 36421 283219 36442 36979 
lunch 9880385 139 10.45 6.67 2.63
4407306 71416 2102625 33889 33892 33905 33908 36377 36383 36457 
lunch 9853362 240 4.21 10.90 31.21
3370485 1329674 101077 33755 33793 33892 
lunch 9811983 252 23.94 11.86 16.41
97316 59241 47632 263386 1518719 3332763 59246 61256 1125235 1641 33892 36291 36320 285829 36383 36442 
lunch 9800327 421 11.98 32.81 18.74
4298117 33908 34305 36207 36333 36383 
lunch 9657334 281 29.44 9.20 20.74
59252 83179 31780 2478948 4881229 
lunch 9554237 163 17.53 4.28 15.61
6242 5290 269516 269528 1519276 4308635 3006 33876 33889 34212 36383 36442 37922 
lunch 9457348 122 20.84 2.91 5.28
4350223 1125235 2681351 3006 34212 305067 36320 36383 36384 36299 
lunch 9306974 88 7.33 3.86 5.70
1517 3092 36493 303408 
lunch 9228757 160 0.10 8.01 22.02
229046 6242 4308635 33892 
lunch 9193219 269 35.50 6.00 23.62
81221 250863 49330 94166 123180 5209383 253141 
lunch 9051326 223 10.94 7.45 25.81
96740 5286 196978 5977303 2057 305067 33871 33892 33893 33908 
lunch 9024562 140 14.00 3.61 14.81
4350223 3332763 59241 1021126 1125235 35001 36291 36320 35849 
lunch 9025468 153 2.46 9.41 15.49
1438533 794 76960 2620649 3009332 
lunch 8903151 308 19.72 14.83 23.88
4350223 1125235 33883 34214 36383 39558 40396 
lunch 8949975 108 0.62 4.26 16.10
86986 1641 33871 33882 33890 33892 
lunch 9011181 216 17.28 8.54 18.06
298864 4743301 33890 33892 34996 285829 36383 36442 36457 40396 40713 
lunch 8937887 531 45.94 13.98 53.81
475603 5268 47574 2057 5286 33907 33915 36377 
lunch 8916971 103 1.69 6.96 8.31
52432 6138 1260 3092 33905 283219 
lunch 8853405 194 16.97 7.10 17.27
3332763 69645 1125235 1641 33883 34212 34214 36291 36320 36383 39536 
lunch 8841575 131 15.00 2.53 12.66
475603 6256 31914 1599666 1888544 285829 29703 6848390 33889 33905 
lunch 8804935 77 13.75 1.69 1.88
2658950 1727595 33908 34212 37922 
lunch 8787056 233 4.38 16.49 16.20
299288 3092 33699 36398 
lunch 8730603 197 14.72 10.25 10.98
4302059 1100 90365 6620 33709 33712 34212 36383 36442 36577 
lunch 8748969 305 8.88 29.71 3.36
1080 6138 33905 35001 36640 
lunch 8644641 90 9.83 5.49 0.97
6237551 4938350 1132618 3760710 36598 36617 
lunch 8633358 244 32.82 6.70 22.93
3511103 47271 606175 842668 1502051 36577 
lunch 8631541 305 19.42 10.89 40.39
4230595 606175 33893 1641 283219 
lunch 8484139 234 36.20 3.86 17.14
7624276 31914 32904 33087 59358 6091238 33871 34996 
lunch 8499971 348 47.60 5.62 30.74
51121 32688 1530243 3345875 3273 7705 6296 33882 36291 36327 36442 
lunch 8484168 312 36.21 7.87 23.26
61356 555151 47632 344888 1125235 1734869 1641 34214 35001 39536 39558 39704 
lunch 8441637 206 10.12 8.09 22.10
59241 3716992 1641 36442 37922 285829 
lunch 8463001 263 14.40 14.64 19.18
298864 568597 33882 33888 1431 33713 33892 33900 33904 36595 
lunch 8406418 245 26.50 9.88 14.12
5281360 47637 45450 2102625 3458334 
lunch 8333789 217 30.87 2.30 16.57
50118 48833 43303 251177 36442 
lunch 8356119 154 10.30 8.64 10.40
44673 6403 251177 33752 33892 33893 33904 33908 36320 36333 36383 36442 37922 
lunch 8348667 240 6.24 17.10 14.74
1125235 856471 1329674 3092 33908 34996 36208 
lunch 8319958 147 11.06 6.02 11.62
440073 7150085 83035 1641 
lunch 8266541 277 27.18 10.47 20.64
6809 1641 3374284 6287 4743301 
lunch 8275616 200 32.83 3.63 10.50
65715 261203 31914 250863 285829 564941 32904 93796 3374284 
lunch 8281604 235 43.27 0.89 14.56
283219 5492 118582 6464468 35897 37922 
lunch 8196948 320 34.69 8.67 25.62
283520 498434 30446 1641 33706 33712 33905 36383 36398 36442 36457 36577 37922 
lunch 8154948 168 3.51 7.48 21.45
5039563 5286 1641 33814 
lunch 8183770 157 2.23 5.59 23.34
97316 59254 100646 1641 33876 33882 33892 
lunch 8128600 255 38.38 4.60 16.26
97316 4290972 6426699 33892 35001 36398 
lunch 8140659 288 12.52 1.74 52.97
3219350 3119692 4433 36333 36421 34605 37922 36454 36979 
lunch 8034358 251 32.08 8.56 10.67
518741 229039 80336 370832 1277 1641 79521 83179 33865 33891 33892 33903 
lunch 7924658 439 49.91 23.37 12.94
769937 144843 53308 7247000 36633 283219 
lunch 7924759 175 15.13 4.87 19.08
577617 31553 1641 33892 33893 35102 36320 36333 36383 36442 36457 
lunch 7877044 141 9.70 3.51 15.47
53247 31914 4943532 1641 
lunch 7877091 312 19.28 13.05 26.83
53247 1251 133452 803 37922 1343 40391 
lunch 7882212 251 17.36 14.59 13.03
285829 285829 88934 263139 1889 687585 6179660 33715 36376 33815 
lunch 7877008 236 21.13 9.75 16.13
4350223 87491 59241 61256 2090261 1480 1047021 33883 
lunch 7822294 122 25.35 0.68 4.53
6242 305067 4513 33914 299727 519595 35863 36996 
lunch 7775123 125 2.68 3.36 20.57
229046 6242 51978 87491 3590 5290 48833 33793 33892 36383 36384 
lunch 7621589 194 24.06 3.00 5.51
298864 4743995 127417 263390 583034 5369814 2102625 33892 
lunch 7739758 136 16.73 5.44 8.48
49835 1146892 3092 6069 33793 33908 34214 36327 36383 36442 36451 
lunch 7752076 43 9.04 0.51 2.79
49838 51978 362927 392435 2056281 6247 36384 36794 4743960 
lunch 7541797 120 21.12 2.95 3.88
338614 7153 35001 36320 36333 305067 36383 36398 36494 
lunch 7535248 233 35.02 4.69 13.25
65077 6250 77588 5104775 6138 
lunch 7566374 241 26.83 6.92 18.11
3345875 343272 150362 6433 33755 4881229 33876 34212 35102 36442 
lunch 7560125 290 31.30 12.12 14.05
1905179 6250 30597 44754 5104775 34214 36421 36442 
lunch 7453184 108 5.00 3.25 14.50
1905179 4718517 59752 34214 
lunch 7420147 244 8.02 11.96 24.51
3231332 305067 127417 1864750 2127541 687585 1644 36557 
lunch 7407023 88 15.75 1.42 2.50
298864 2658950 41294 370098 793278 5420983 34212 37922 
lunch 7192308 123 18.08 2.15 6.48
49814 229039 828803 1727595 37922 39078 39536 
lunch 7328892 154 22.88 4.70 7.14
518607 68284 102340 991805 33871 33876 33882 33890 33910 
lunch 7266152 170 4.56 12.76 8.13
194831 2200644 1094943 3092 33681 283219 36383 36442 
lunch 7232841 220 26.19 2.72 21.65
1952 5268 34212 36383 2109 4424 36457 
lunch 7160093 175 6.69 14.18 7.64
298864 2079878 108795 263378 3756765 6487497 164484 3092 39075 
lunch 7103155 382 6.58 32.83 15.10
48933 1097 33798 36333 
lunch 7046402 78 16.25 1.08 1.68
82992 35001 36320 36383 36442 36590 36598 36676 
lunch 7042366 256 28.82 14.74 3.68
4350223 6246 33910 36442 283520 519595 39714 
lunch 7042229 72 9.50 2.75 3.53
6243 6138 33689 33908 33910 36320 36383 36442 36464 36551 37922 
lunch 7054691 230 19.10 8.62 18.52
244076 57432 3337562 4938350 33882 36291 
lunch 7010281 85 13.16 2.63 2.93
2658950 7175 7160824 3092 3420 33908 37032 39814 
lunch 6946151 392 35.89 12.82 32.12
317669 1085790 1968 2178 2173 2138 33859 33879 35001 36236 36333 36442 36493 
lunch 6947911 158 2.17 10.34 13.14
475603 1431 3092 36442 36997 
lunch 6945181 239 39.81 5.98 9.18
298864 6242 27389 2658802 3171893 285829 33892 34212 36383 36451 
lunch 6926433 117 0.68 8.20 9.47
56875 3092 1517 33871 33882 40401 
lunch 6902972 166 20.50 9.28 1.62
2892142 110417 1132618 33877 36320 36442 
lunch 6813215 198 16.40 15.10 3.59
4377215 35752 35849 36377 36633 
lunch 6696246 403 32.57 22.17 19.73
283520 6994 31886 31972 283219 519595 33827 36421 
lunch 6804064 206 37.62 4.09 5.79
6629 3419 33908 34305 37922 39559 39751 
lunch 6765908 296 55.47 3.24 10.27
369401 4501 33876 33892 33908 36384 38279 37061 
lunch 1476702 135 21.92 2.36 7.72
7048 51978 33880 33904 35001 36383 36384 36442 36474 38295 
lunch 6685603 224 41.04 2.77 9.52
3419 63809 61231 2624196 33712 33820 33892 34212 36383 36442 
lunch 6671696 35 6.90 0.02 0.84
106761 49386 263382 3478420 33892 36457 
lunch 6620869 229 19.75 10.12 11.00
244076 51978 763650 2479579 4615969 
lunch 6591817 58 9.69 1.99 2.62
285829 4669898 44754 33889 33905 34212 36383 36442 37922 
lunch 6470871 411 7.93 28.18 30.51
80171 338614 42595 211406 250863 370490 2217779 1502 3092 6620 33814 
lunch 5577724 251 33.48 4.83 19.89
4350223 283520 31914 48833 33876 299727 36355 36383 36442 39432 35001 
lunch 6371063 335 60.89 6.07 9.49
6138 26505 36377 36480 296095 
lunch 6338631 108 19.40 3.67 2.53
6086 36383 36442 
lunch 6305256 211 29.60 4.12 16.46
7175 3203 65713 79200 404819 33871 33876 33882 33889 33892 33893 33908 36333 36442 36480 36641 
lunch 6194281 334 45.68 7.12 23.44
518700 2488220 31568 61263 1446547 5445 5268269 
lunch 6185702 156 1.96 6.40 23.47
261203 79698 52696 33793 36378 
lunch 4492179 117 8.04 3.47 14.32
32430 30760 33882 33888 33892 33900 33908 34194 36333 36442 
lunch 6140089 241 5.82 2.59 46.24
119095 4372265 33910 36442 36457 4881229 36480 36848 37922 
lunch 6070831 318 41.44 16.99 6.71
285820 3379 36383 5359 36283 
lunch 6037458 52 11.74 0.33 2.23
35001 36308 36320 36333 36442 36480 36633 37922 
lunch 6023469 217 33.92 7.27 6.68
51978 6256 50118 58418 5270 687585 110415 140987 4421 33905 36384 36421 38416 39558 
lunch 5926857 270 33.72 9.06 12.28
72211 261203 25789 111279 599725 2317730 36421 36442 
lunch 5949307 162 1.92 6.28 24.43
1014703 56777 4676000 33892 305067 
lunch 5952874 88 3.08 7.42 2.87
64671 33905 34212 36283 36383 37088 
lunch 5906302 152 10.37 5.97 14.78
97316 821060 27818 31820 3092 6549 33887 33892 33908 6292 
lunch 5828535 109 12.66 3.85 6.38
143216 31820 58591 2187 
lunch 5809300 248 34.12 10.81 6.71
72536 229825 48933 448687 6673141 6296 36333 
lunch 5760302 270 30.24 9.38 17.70
67288 305067 436834 1916731 6138 33892 33908 36718 
lunch 5747342 36 7.10 0.05 3.23
1236456 523629 29051 263354 856471 2841370 2007213 36308 36383 36384 
lunch 5773135 274 22.17 7.69 31.38
4377215 6256 48833 499068 2001794 6138 34212 36333 
lunch 5712731 134 11.02 9.82 2.26
4377215 47442 379156 33892 687585 4743301 33908 35753 36351 36398 
lunch 5683271 104 9.81 0.52 13.66
30760 899422 58969 6164883 36320 283219 36333 
lunch 5677211 28 5.52 0.35 1.31
6250 35001 36320 36333 37922 
lunch 5661334 121 21.34 0.27 9.63
262285 3272 82370 36320 36327 36383 36442 36469 36667 
lunch 5627812 268 15.96 14.40 17.44
475603 6256 1877 2178 4501 299727 36333 
lunch 5589829 152 26.60 2.91 6.44
298864 6242 5290 283520 299727 305067 33876 33892 33893 39706 36355 
lunch 5622805 140 24.90 3.76 3.66
283520 4377215 48252 2102625 5060225 305067 36377 
lunch 5583170 231 6.06 11.11 27.37
577617 298864 406824 4842110 3092 6257 33871 33882 33892 33900 36310 
lunch 5396121 324 42.73 4.27 33.26
29359 3272 77671 4513 33882 33892 36293 37922 
lunch 5397052 342 35.06 15.59 18.99
294912 305067 63512 3376 285820 4881229 1959257 35831 36333 36577 
lunch 5333038 211 18.58 12.33 10.73
283520 2445491 253141 3171729 4013663 5268 36327 36383 36442 
lunch 5350731 188 30.15 5.14 5.75
3766995 6809 6138 33914 36377 39712 
lunch 5300693 346 42.01 7.01 32.96
563307 1729106 1641 6269 34345 36590 38416 
lunch 5242276 302 31.51 10.29 21.53
298864 6408 98482 271429 4669898 5684597 33865 33871 33892 36383 36480 37922 40401 36454 
lunch 5174065 201 8.35 7.06 25.11
3272 87274 33814 33892 33900 33903 33905 36320 36333 36383 36457 36848 35190 
lunch 763381 212 19.74 2.27 25.32
269519 66548 58308 6138 6243 33871 33892 33908 36442 36480 
lunch 5085227 337 14.20 25.56 15.20
56871 294912 74198 33798 35752 305067 
lunch 5069527 270 23.00 12.50 24.50
54136 518722 29523 32361 75535 2251320 2460676 
lunch 4977834 335 56.84 6.44 11.48
3092 7705 3419 33717 33814 33908 36442 36858 
lunch 4879904 203 38.14 4.07 8.74
475603 200312 163854 200287 313582 33871 33876 33889 34212 36320 36617 36848 36970 36454 38240 
lunch 4850651 224 15.18 7.56 22.88
4350223 3332763 221262 344888 6269 305067 2707297 35102 36383 36384 38416 39558 
lunch 4870620 270 1.79 21.88 14.60
1080 427360 1745592 3092 33689 36383 36442 36480 
lunch 4779131 235 28.99 8.34 12.39
29572 1517 3094948 33907 36398 36413 36633 
lunch 4733832 187 3.28 6.12 28.26
6250 519595 2109 33798 
lunch 4613530 205 29.87 6.18 8.52
7048 3092 6243 33892 36320 299727 36442 36492 38828 
lunch 4539239 321 5.20 22.46 23.36
338614 25789 46224 68614 2200644 4109655 133962 3092 33712 33882 
lunch 4393031 274 40.44 6.67 13.02
338614 475603 3419 33689 33820 34212 34962 36320 36333 36858 
lunch 4342199 106 1.74 5.01 11.07
89354 31100 36414 
lunch 4277302 174 6.08 6.58 22.38
109622 283520 102292 3273 33883 36246 36383 36425 36848 40445 
lunch 4249316 160 7.18 9.70 11.87
6809 3092 33699 33892 33908 36581 36724 
lunch 4244734 247 47.87 4.69 10.13
153644 3426364 81915 1519276 1998384 33871 33882 36442 36640 37922 39692 
lunch 4177843 172 20.45 6.46 9.33
93081 56871 229046 288541 338614 751998 148606 1840150 6138 33865 36380 36643 37922 
lunch 3961698 321 4.10 21.25 27.36
305067 3092 33694 33720 33836 34212 36421 36577 
lunch 3571339 144 12.86 10.00 5.94
283520 1693833 5285 36308 36575 519595 
lunch 3469574 115 11.00 5.82 4.42
1292923 3419 47632 845 3092 33882 33908 34212 36469 37922 
lunch 3469552 86 8.31 3.64 7.62
229816 33706 33882 36425 36577 
lunch 3431965 113 11.73 4.89 6.26
3272 3092 30597 250858 6250 34214 35102 36351 
lunch 3316317 316 40.26 11.81 15.45
475603 152227 599849 1046465 1661318 2197027 1784160 
lunch 3279629 341 22.88 15.62 28.20
1409 7705 33876 33882 33889 33892 33908 36442 36640 39699 
lunch 3259898 220 35.71 1.46 21.81
475603 27379 65509 655956 1637408 36421 36480 
lunch 3263181 88 4.49 4.09 8.88
6258 1193566 1641 33892 33908 34212 34792 35001 36312 36408 36976 36421 
lunch 3209464 116 2.54 8.29 8.40
48933 3092 45261 66186 33814 33865 33886 33903 34212 36333 36442 
lunch 2366215 252 40.30 8.95 5.64
1268286 49831 55261 5270 6994 283520 33876 33877 33890 33892 33908 35001 36320 36380 36383 36442 36493 
lunch 2711580 126 11.68 3.07 11.29
73904 364010 518614 1905179 3092 33914 36081 36665 37922 36425 
lunch 1938760 58 3.93 1.06 8.59
27330 305067 33694 33812 36383 36421 36848 36577 
lunch 917014 156 14.63 2.30 19.27
229810 1643 56053 36442 36635 
lunch 2522645 204 21.58 8.66 10.96
370128 370622 3686230 6138 33866 299727 33876 33889 36383 36442 36452 36480 37922 
lunch 2969134 422 79.95 7.94 15.29
6809 519595 35850 36376 38269 38801 
lunch 2881686 145 23.00 5.45 4.40
6138 33877 33886 34209 34214 36327 36380 36383 36384 36442 36718 36351 36493 
lunch 3165212 272 2.31 17.34 26.46
4103797 58969 33798 36333 
lunch 2950177 238 6.82 15.09 18.63
90699 229036 184726 3628429 475603 687585 33905 
lunch 3043384 271 32.17 14.87 8.77
518751 475603 58810 261203 6234 36291 36384 36421 36442 
lunch 3070403 329 40.36 5.21 29.12
122837 49391 49651 684362 2665657 33820 33882 36494 
lunch 106644 298 13.43 16.08 24.39
89916 7175 1435 33892 33908 34212 35785 37922 
lunch 16041 382 14.80 4.46 71.21
34447 36581 36633 40659 
lunch 434 149 11.43 0.86 23.80
33793 33892 34861 36633 
lunch 84269 131 13.87 5.74 10.08
33892 33902 33908 34212 36383 35102 36442 38329 36736 
lunch 2721752 34 1.42 1.61 3.20
3092 1785 33815 33882 36442 36577 38828 40654 
lunch 2694928 269 35.13 14.11 3.39
7105 4501 33908 34212 35849 305067 36320 36408 
lunch 164879 200 14.69 10.12 13.95
5440449 33798 33877 33883 33887 33908 35718 35849 36333 36958 35190 37040 
lunch 68397 225 3.93 17.24 12.98
33798 34349 36452 36454 
lunch 338 204 7.16 9.90 21.38
33880 34677 36383 36421 36442 36457 
lunch 57669 266 41.23 6.70 11.34
34447 34736 36320 36501 37922 39694 40709 
lunch 2658659 36 2.24 1.02 4.10
516012 48838 27330 29572 50331 88100 33882 36452 36962 
lunch 98600 206 9.73 4.97 30.94
6242 7053 7188 33914 34874 43385 36384 36384 36451 38416 
lunch 45446 170 9.02 12.92 5.35
33699 33914 33918 34212 36283 
lunch 604 91 11.94 2.93 5.49
34873 36291 36327 36421 36664 40731 
lunch 30183 102 6.82 1.84 14.56
33879 33892 38102 40623 
lunch 628 46 6.15 0.40 5.11
33761 33793 33863 33882 33892 33908 34861 36383 36442 36590 
lunch 67446 351 4.84 20.52 35.84
33875 33876 33893 33904 33908 34212 36351 36383 36384 36442 37959 40297 
lunch 20266 42 9.20 0.32 1.44
34787 36320 36442 37922 
lunch 29242 560 47.15 18.31 53.76
34212 36451 36846 38110 39790 
lunch 71492 95 18.29 0.80 5.75
33896 35102 36308 36383 36421 36442 36590 36637 38250 
lunch 122416 392 3.45 31.84 22.35
406824 3092 1403 33882 34212 36451 
lunch 2562778 90 17.29 2.20 3.33
285829 1998384 33905 34212 36380 36383 36442 36590 36640 36699 
lunch 31061 375 39.49 6.40 41.81
36079 36295 37922 38253 36638 38219 38269 
lunch 281 295 38.62 10.69 12.78
33792 33793 34212 39717 36664 
lunch 98754 608 39.43 36.32 30.45
42732 33882 33888 33889 33892 33905 33908 33910 33917 35001 35151 36333 36383 36442 36635 36846 36979 38279 
lunch 21729 207 6.18 15.82 12.06
33712 33792 33865 33892 33908 34212 36383 36421 36442 
lunch 25954 256 20.60 6.88 28.38
33786 33873 33882 33889 33906 34212 35849 36377 38416 38801 39536 34498 
lunch 498 342 9.01 6.25 59.92
33709 33865 34345 34447 36633 
lunch 692 454 67.40 2.05 42.67
33787 33871 34874 36383 36442 34447 36718 38262 
lunch 52434 229 24.90 4.57 21.87
33770 33876 34212 36442 34447 34874 36480 36848 36996 37922 39704 
lunch 2503119 189 11.49 6.28 21.16
3092 512964 1262 36442 37922 285820 38084 
lunch 21783 340 5.70 11.44 50.70
33882 36414 38332 40391 
lunch 2346945 331 42.20 11.50 21.20
6164883 6224 50152 169040 211406 1927 1969131 35752 36376 36577 39536 
lunch 476 115 23.01 0.97 3.78
33879 33909 36442 36480 36633 38269 39717 
lunch 2243230 107 7.69 4.45 8.59
528523 3092 2315684 2353080 1262 1264 800 33712 33908 
lunch 2201453 103 12.75 4.62 3.27
46142 3092 2649898 4054156 36291 36848 39775 
lunch 764839 161 6.88 6.49 22.05
33889 33889 33892 33908 34212 34498 35848 35849 35852 
lunch 181270 453 13.07 24.93 42.04
93081 86110 59814 2057 5285 6258 33890 36246 37749 
lunch 728814 267 7.89 8.56 32.48
475603 71004 7705 33892 34802 36207 37740 
lunch 809056 224 6.61 8.52 28.51
61505 120194 70518 71882 73899 99759 34305 36384 36451 39704 
lunch 68673 342 14.64 21.82 22.13
33695 33712 33792 33793 33892 33908 36581 39128 40590 
lunch 77600 68 1.62 4.06 6.06
33734 33792 33793 33892 33907 33908 34349 36333 36442 
lunch 1679467 192 39.02 1.98 9.37
475603 518402 101923 33712 33889 35084 36480 39713 
lunch 1951124 196 34.20 2.81 8.87
653718 1998384 486506 33892 33905 33908 33917 34212 36333 36383 36442 36577 37922 38262 
lunch 519 594 116.84 4.10 23.74
33871 33896 39713 38250 
lunch 382 427 5.06 36.30 20.01
33698 36136 36636 
lunch 144987 177 11.62 6.38 17.28
63026 50583 1928814 3006 33882 
lunch 83032 17 3.90 0.08 1.01
33908 36308 
lunch 55722 32 4.65 1.31 0.98
33908 34212 36377 36442 36457 35849 36633 37922 39692 
lunch 56667 149 10.22 10.00 6.70
33793 34349 35719 35752 35849 36412 36457 
lunch 326 304 6.55 12.43 40.16
33792 33892 33908 36581 36848 40391 40627 
lunch 728862 183 6.41 5.20 28.18
810776 4474 55102 71004 263378 369775 959000 33893 34962 36383 36384 36848 
lunch 809052 185 5.92 8.58 21.27
475603 285159 33908 34305 36384 36480 38333 
lunch 219617 117 13.38 4.08 7.37
1410100 77513 31820 1641 33882 33889 33892 35108 36577 
lunch 196731 204 28.62 9.34 8.41
87761 33827 36996 36640 36643 
lunch 160280 182 7.95 8.76 15.48
47632 34214 34677 34867 36383 36384 36451 37922 40779 38321 38358 39704 
lunch 166126 294 40.96 8.49 19.85
570035 1286 5955 33889 33892 36383 
lunch 332 80 4.32 6.98 1.36
33892 34212 36590 
lunch 194971 253 50.63 2.71 12.58
29523 48252 33882 36421 36266 36464 40659 
lunch 141668 125 20.72 3.33 5.05
135361 89916 25836 40993 33892 33908 33918 35849 36351 36376 36451 36457 36848 37121 38243 
lunch 95393 302 33.64 13.44 18.22
93288 93282 33814 36308 
lunch 81863 43 7.87 0.66 3.13
34792 36333 36447 36581 37922 
lunch 70746 200 6.41 7.65 25.09
33906 36333 36418 38040 36454 
lunch 53817 414 50.66 12.19 30.91
33712 33865 36383 36442 36421 36590 36726 39790 40637 40700 
lunch 51260 180 27.83 3.38 10.39
33889 33892 33908 34212 36383 36421 36480 36635 36970 38110 39786 
lunch 203496 482 9.80 43.20 15.68
6229 3092 1080 33689 33892 33908 36320 36327 36442 36577 37922 36848 
lunch 71702 176 3.74 10.04 18.12
33705 33754 33793 34212 34857 36581 
lunch 748 246 7.77 14.92 19.62
33717 33792 33872 33887 39073 39656 
lunch 230635 240 18.23 5.73 29.32
93081 1123662 78281 211406 6257 36314 36384 36412 38416 40391 
lunch 199028 80 12.30 1.79 4.08
3411 36383 36384 36469 37922 38279 39715 40734 
lunch 166099 282 6.38 21.96 16.00
6999 3094 6292 33815 33892 
lunch 119557 206 5.06 1.57 41.05
92779 3273 35850 36383 36384 63381 36451 
lunch 119372 201 22.40 7.80 13.72
112917 36291 36343 36327 40627 
lunch 33283 306 61.50 2.89 12.61
33914 36377 36442 36633 37922 
lunch 53653 76 4.20 2.33 10.13
33694 33792 33892 33908 36383 36581 40627 
lunch 1861773 432 28.82 25.96 24.64
54889 3346 33892 33908 35878 34483 35885 36333 36413 36724 39536 40653 37922 
lunch 1884716 123 7.78 6.83 7.22
7153 506043 3092 33887 33908 35795 36398 36577 36380 36724 
lunch 1665237 297 30.75 6.02 27.14
518592 6994 211406 229825 250858 6258 244577 2178 33892 33893 33908 33910 34212 36333 36383 36442 36452 37738 37922 39752 
lunch 1612201 354 57.06 5.16 22.50
233610 52619 1517 6242 6176 299727 33876 33890 33893 34996 36320 36383 36442 36452 36996 
lunch 1512360 317 45.24 8.13 17.93
41592 7048 126830 1785 33892 6174 35105 36442 37922 
lunch 1523718 167 5.00 6.92 20.04
229827 33812 33814 33891 33892 33907 34349 35103 38102 38828 39072 
lunch 1273666 304 36.52 15.60 8.06
229046 1517 79431 1099 5588 6994 33900 33910 34874 36320 36333 36408 36701 
lunch 935667 186 22.11 7.49 10.69
1517 6243 279927 2618619 36333 36442 
lunch 949737 134 12.17 7.93 4.80
298864 294912 71464 262279 1825269 305067 6229 33827 36283 36287 36377 36418 
lunch 824392 48 9.48 0.47 2.52
298864 4840222 33894 36383 36442 6471 
lunch 811847 213 8.25 8.35 25.70
5268 29183 33712 33892 33902 283219 36460 38091 
lunch 732950 522 47.04 25.25 27.51
475603 283520 1785 6174 6138 36421 36442 36493 38245 38255 
lunch 717709 483 24.28 28.95 29.80
338614 283520 212259 1907 1887 6138 33706 33905 36377 38793 
lunch 714489 260 22.27 11.40 17.49
51746 71345 5295822 36414 
lunch 665365 32 6.87 0.22 1.64
5285 6234 48932 33892 33908 33910 36291 36320 36327 36333 36336 36383 36442 36457 36590 36848 
lunch 494750 129 24.54 1.01 5.35
1643 277951 36664 39071 39704 
lunch 390606 83 4.94 4.08 6.55
51544 3272 3092 33894 35001 36384 36421 36452 
lunch 379303 167 21.99 0.09 18.28
27303 27330 54205 36452 36493 
lunch 297083 236 18.16 8.03 23.22
3092 80701 107397 1264 33696 33712 33892 33908 36457 37922 40396 
lunch 242171 197 41.56 1.82 6.78
235763 33788 33872 35755 
lunch 240694 211 26.52 1.45 22.33
3743 1264 61630 
lunch 118 228 21.37 5.95 21.65
34192 34449 36291 36327 36583 36848 39099 36970 
lunch 93401 312 14.41 15.90 27.40
51974 33872 33893 33908 33909 34214 34996 36268 36457 36469 36970 37708 
lunch 136783 141 12.34 8.24 6.80
66026 45409 33908 36327 36383 36442 40654 
lunch 133225 344 40.62 11.35 19.76
47867 129232 34212 35001 36442 36633 38828 40740 
lunch 121735 174 13.04 12.18 6.24
51121 29050 6256 33893 35849 68954 36380 36383 37922 38416 39656 
lunch 119181 679 13.56 32.30 80.08
5589 33893 33910 34212 36383 36848 38040 
lunch 119192 331 13.96 19.69 26.38
29605 42462 33892 34212 36383 36480 36848 37922 
lunch 114665 218 27.51 1.35 26.79
1717231 70917 35718 35883 
lunch 112205 414 34.68 18.01 30.73
6242 5268 2173 33876 33893 35752 36377 36442 37922 38110 40713 
lunch 115151 164 0.69 9.00 20.03
115154 33713 33792 33896 
lunch 90356 199 13.26 10.89 12.15
33695 33792 33793 33835 33892 33908 36581 39093 40654 35325 
lunch 100705 320 17.10 17.14 26.60
6242 53194 55304 33792 36343 36383 36421 36480 36633 36504 
lunch 105272 202 26.67 6.12 11.68
59814 1998384 33871 33876 33889 33892 33908 35001 36383 36442 40406 38240 38245 
lunch 93029 294 16.24 25.88 5.47
76819 6809 35752 36333 36413 
lunch 106877 285 30.00 13.00 15.00
107372 71888 53576 47826 69971 106686 
lunch 109725 141 10.04 7.08 10.66
122837 33905 34212 36380 36633 40659 
lunch 106085 384 24.81 17.79 26.14
6246 6034 1350 33865 33889 34996 36442 36637 37740 
lunch 106658 67 9.84 1.81 2.30
90326 7175 3272 33882 34214 58812 35850 36351 36848 37026 
lunch 543 231 9.24 18.61 8.38
33708 33882 33892 33908 34212 35084 36380 
lunch 716 387 13.32 16.87 46.87
33815 33865 33892 33908 34212 35849 36415 36633 38084 
lunch 89563 377 48.51 11.08 22.37
33792 34857 38040 38826 
lunch 88778 72 13.72 1.93 1.53
33866 33867 33914 34209 36308 36320 36442 37922 39559 36637 
lunch 88228 111 18.37 3.53 4.20
33892 33905 33908 34212 36383 35001 36442 38329 36637 
lunch 84921 395 67.62 6.54 18.68
33717 33887 33892 36493 40654 36577 
lunch 88779 244 38.35 4.69 14.96
33873 33876 33876 33886 33893 33904 34209 36380 36383 36384 36633 36846 37922 38348 
lunch 86603 398 19.66 22.18 29.28
33792 33793 33890 33892 33908 33910 34270 36442 36494 36577 
lunch 79142 419 78.32 5.87 18.52
33892 34857 37118 38240 39714 
lunch 85877 243 4.35 14.94 23.27
33812 33820 33827 33892 33908 34212 36421 
lunch 83096 204 24.97 6.28 13.34
34760 36333 36442 38087 39791 40637 
lunch 82722 423 57.46 17.17 14.05
35356 35718 35755 38308 38794 
lunch 82332 216 36.94 3.71 11.06
33876 33908 34212 36383 36442 36480 36718 37922 36637 38225 
lunch 82094 167 19.30 4.30 13.33
33892 33908 34677 34787 36383 36442 36480 39558 39713 40391 36635 36643 40748 
lunch 81835 205 32.29 2.56 14.34
33871 36636 36638 38225 38243 38255 40396 
lunch 79094 199 29.58 6.76 5.62
33699 33892 33908 33909 34212 35877 36376 36451 36480 36633 36848 36494 
lunch 79798 119 9.33 5.05 10.44
33793 34212 36442 36577 36705 
lunch 78946 254 4.20 7.24 41.15
33890 33893 36695 36964 38087 40595 
lunch 76724 378 9.46 27.71 23.39
33689 33905 34347 36136 34683 34848 36425 36633 
lunch 75409 330 46.72 5.02 26.06
33846 35190 36577 39068 35786 
lunch 75402 425 47.57 14.77 30.51
34349 34683 35786 36415 38811 
lunch 74719 307 38.80 8.19 22.31
33907 35190 36415 36633 38985 40595 
lunch 73867 119 16.95 2.91 6.67
33708 33889 36643 38979 
lunch 72929 200 34.22 6.14 5.34
33872 35718 37139 38794 39536 38350 
lunch 73711 274 42.17 2.71 20.80
33892 34874 36383 36633 38279 40590 
lunch 68957 291 9.54 17.57 22.90
33708 33712 33792 33882 33908 34677 35084 36442 36480 40722 
lunch 70536 284 39.06 12.97 3.85
33814 33866 33892 33893 33908 34212 36320 36333 36383 36442 36503 36640 37922 39821 
lunch 70272 107 5.00 4.08 12.56
33699 33793 33882 36442 36577 36633 38049 
lunch 70204 208 21.45 8.75 10.77
33709 35084 36633 39068 
lunch 69901 208 4.16 14.48 14.84
33712 33792 33902 33905 34212 36327 36408 
lunch 69718 128 15.46 6.33 2.95
33892 33908 33918 34212 36343 36383 39712 
lunch 69444 374 31.92 28.07 5.64
33892 33908 34212 36380 
lunch 61244 188 32.59 3.25 8.42
33792 34212 37922 36581 39751 39830 
lunch 65542 354 24.50 22.42 14.00
33758 33792 33908 34209 36383 36442 36491 36996 
lunch 67512 290 34.00 6.36 27.88
33871 33876 33892 33908 36442 36480 40391 36726 36726 38255 
lunch 67321 127 8.77 4.20 13.08
33891 34212 34962 36320 36333 34502 39767 36447 
lunch 65728 209 5.21 8.62 26.37
33792 33793 33827 33905 34212 36421 36442 36848 
lunch 65821 244 3.68 16.82 18.86
33691 33792 34325 36452 36970 35143 
lunch 65233 296 29.02 14.04 14.42
33907 33914 36442 36957 39056 39558 40406 
lunch 64043 464 66.66 15.32 18.10
33865 33892 33908 34212 36383 36633 40263 
lunch 63829 316 14.48 11.22 39.40
33786 33792 33890 35849 36383 36635 36996 40391 
lunch 62494 255 25.80 3.26 31.72
33786 33873 33877 33904 33908 34447 35853 35863 36351 36383 36384 36981 
lunch 62270 364 53.71 5.02 26.53
33892 36442 36469 36577 38087 39761 40623 
lunch 60825 238 27.79 8.79 11.28
33708 35084 39068 
lunch 60734 245 45.23 1.81 14.67
33871 33876 33882 33896 36320 36421 36442 36480 36583 36590 36636 38225 38237 38240 38313 
lunch 60693 308 1.81 6.14 58.04
33827 34447 36980 
lunch 59732 274 59.54 0.75 7.50
35001 36320 36442 36505 37922 39769 
lunch 56759 206 33.44 3.54 12.49
33815 33876 33889 33892 33914 34212 36383 36442 36457 35102 36908 38262 
lunch 59148 423 43.07 10.24 41.70
33842 33871 33876 33882 33888 33908 34212 34447 34857 35752 36413 36421 38225 
lunch 58978 204 27.73 5.36 12.42
33814 33879 34677 36320 36451 36492 39713 37004 
lunch 31497 238 32.87 7.16 13.05
33708 33905 33908 34212 36633 37922 39751 39078 39699 
lunch 30952 457 45.38 24.00 16.06
33907 34239 36414 36442 36480 36633 38820 40765 
lunch 55918 616 8.44 11.42 113.38
34447 36480 36996 40722 
lunch 56049 329 18.19 13.16 35.08
33842 34677 34857 35753 36414 36452 40627 
lunch 55210 102 4.82 5.62 8.54
34194 35306 35875 
lunch 55718 283 35.58 8.68 19.44
34212 34349 35850 36451 36633 36928 38084 39790 
lunch 53844 255 29.10 4.20 25.81
33876 33889 33893 33908 34212 34498 34857 35001 36383 36442 36846 36996 38235 
lunch 54015 185 3.22 9.75 20.35
33876 33888 33892 33907 33908 34677 35103 36383 
lunch 53181 278 5.06 16.18 26.40
33883 34212 36383 36451 36848 37624 38416 39656 37945 
lunch 53126 267 3.74 18.68 21.00
33689 33733 33792 33814 33892 33908 36383 36421 36442 40302 
lunch 53202 335 26.30 19.03 14.89
33702 35314 36633 36993 39048 40595 40722 
lunch 53318 409 8.20 9.60 70.34
33876 33890 33892 33892 33908 34498 35849 36383 36846 
lunch 53014 177 24.68 3.08 13.36
34962 36333 36383 36442 36480 36583 36590 36635 40396 38225 38240 
lunch 52847 203 32.05 2.22 14.84
34212 34447 35102 36383 36442 36633 36695 38225 38260 38262 38275 
lunch 51831 288 5.21 23.30 15.62
33689 33732 33792 33814 33892 33908 36136 36421 36442 36581 
lunch 53039 179 3.92 7.63 22.82
33879 33892 33907 35849 38040 40623 
lunch 53171 143 18.77 6.30 2.94
33898 33908 34212 39068 
lunch 32196 247 25.99 10.65 15.16
33792 33879 35001 35849 35875 36242 36351 36383 36408 36451 37922 
lunch 52784 196 13.32 3.60 27.13
33879 33892 34449 35962 36959 40623 
lunch 51868 301 23.76 13.28 20.85
35084 39330 40805 
lunch 51869 700 55.06 27.05 58.05
34209 34425 34818 36480 36405 36454 39068 
lunch 49348 401 42.53 6.17 41.07
34447 34974 36333 36442 36462 36480 36768 39799 
lunch 50976 109 11.34 6.51 4.81
33814 36421 36583 36590 37922 
lunch 50886 428 14.84 22.47 42.68
33892 33915 34349 36414 36442 36320 38040 40630 
lunch 46784 144 4.00 5.96 17.88
33785 33798 33892 33908 34194 35849 36320 36333 36452 36457 38087 36996 
lunch 47659 157 9.52 3.76 20.50
36962 36964 38146 40623 
lunch 48887 25 4.97 0.42 0.66
33842 33879 33882 34862 40623 
lunch 50174 366 15.33 14.06 42.29
33900 34212 36174 34447 35084 
lunch 45222 647 49.93 46.38 29.68
33716 33782 35965 37118 38329 38403 39432 39656 40630 40675 
lunch 48002 342 49.71 3.44 34.35
33786 33820 35761 38331 39536 
lunch 48701 606 6.91 34.96 63.71
33882 33892 33895 33908 34212 34442 36444 37025 
lunch 48227 436 32.38 22.39 25.26
33705 34502 34848 39068 
lunch 24917 128 8.93 5.63 10.99
33865 33882 34212 35113 36281 36333 36421 36442 36598 36640 37922 36979 37495 
lunch 48723 92 8.26 4.66 6.23
33889 33915 34212 35849 36327 36383 37966 
lunch 47241 479 31.78 29.83 23.88
33798 34245 35752 36377 36414 35877 36557 36633 38110 40748 
lunch 47230 300 37.89 8.02 21.64
33871 33876 33893 34212 36451 36457 36480 36847 39559 40391 36637 38255 
lunch 47854 164 7.23 10.08 12.02
33692 33792 33886 33893 34278 36246 36421 36442 36577 36848 
lunch 47145 116 3.69 7.83 8.15
33792 33815 33892 33905 33908 34212 36246 36383 36421 36451 36848 37922 
lunch 46521 318 33.01 16.82 12.84
33886 33892 35752 38279 39068 
lunch 44834 524 50.62 13.32 47.91
33689 34447 34857 36413 39068 
lunch 43631 113 1.32 5.42 14.18
33892 33906 34349 38084 
lunch 43377 341 19.16 17.45 25.59
33712 33792 33865 33891 34864 36208 36581 38828 40396 
lunch 32755 160 6.94 9.21 12.20
33699 33712 33812 33894 34212 34677 36320 36383 36421 36442 36581 38828 
lunch 41268 474 34.41 36.33 8.16
33712 34327 36308 36383 36442 39778 
lunch 33535 288 39.48 7.09 18.81
35143 38801 40637 
lunch 32575 120 12.40 1.47 16.90
33793 33890 33892 34857 36633 
lunch 29115 185 16.10 3.69 23.74
33907 36383 36421 36442 36848 38087 
lunch 33434 59 4.09 1.62 7.49
33882 34196 36577 38110 
lunch 31507 144 13.00 1.20 21.34
33892 33907 38144 38811 40627 
lunch 32777 244 6.50 17.90 14.56
33792 33892 36136 36308 36421 36451 38416 
lunch 43768 103 7.80 2.75 11.71
33786 33872 33873 33876 33883 33890 33892 33904 33908 34481 35850 36351 36383 36442 
lunch 32965 256 33.45 4.94 23.08
33842 33890 33892 35854 36383 36633 36778 39068 38212 
lunch 30980 38 0.91 2.84 2.37
33792 34212 37922 38324 
lunch 32001 286 14.69 12.22 31.22
33733 33890 33892 34212 34447 34857 38416 35849 
lunch 26036 170 13.14 4.44 20.48
33882 33888 34729 36276 36308 36633 36643 40391 
lunch 30639 419 54.56 6.79 39.47
34861 35306 36308 36457 36633 38345 38801 
lunch 30647 323 49.40 4.63 21.96
33875 33893 35000 36333 36383 35144 36442 38225 
lunch 29994 116 8.57 5.76 8.72
33879 33892 34349 36633 38102 
lunch 29235 169 26.09 2.75 10.19
33793 37922 39715 
lunch 29179 91 9.53 2.44 9.33
33835 36377 36414 36633 
lunch 28582 232 27.64 7.96 11.61
33750 33792 33892 33908 34212 38790 
lunch 28918 220 24.82 3.81 22.51
33846 33907 35103 36633 36684 35143 38801 
lunch 28233 181 20.92 5.18 13.03
33696 33792 33911 35852 35989 39656 39804 
lunch 26120 88 0.60 4.78 10.25
33865 33874 33876 33882 33889 33890 33892 33893 34677 34874 
lunch 26032 178 5.32 5.85 25.13
33835 35143 36414 36633 
lunch 734 474 53.61 22.09 18.71
38346 38801 
lunch 21695 194 11.11 11.99 11.41
33717 33754 33792 33882 33892 33896 33904 33908 34212 36246 36442 36480 36848 35325 38825 39535 
lunch 22337 280 33.24 5.18 26.42
33865 33871 33892 36383 36442 36636 37922 40391 36643 36997 38245 
lunch 22132 401 10.88 23.99 35.43
33699 33914 36376 36577 36633 35875 36848 37700 
lunch 21575 285 2.12 25.64 10.94
33792 33892 33908 34305 36136 36480 36724 36848 
lunch 21852 136 4.40 9.32 9.37
33699 33792 33882 33887 36442 35875 36581 
lunch 20425 361 3.60 29.33 20.55
33689 33732 33792 33886 33892 33908 36996 37922 35144 
lunch 22131 325 8.21 23.50 19.33
33798 33890 33892 33907 33908 33914 34194 39656 
lunch 21581 306 36.25 9.51 21.60
33907 34349 35962 36333 36383 38081 
lunch 20859 580 5.28 46.39 33.77
33707 33712 33732 33792 33914 34212 36320 36333 36383 36442 36457 36643 40406 
lunch 20064 174 22.65 3.58 13.55
33871 34677 34729 36442 36480 36583 36635 38225 
lunch 19702 199 12.22 14.11 8.19
33707 33865 33882 33891 33908 34212 36380 36643 
lunch 13822 127 6.43 8.97 6.91
33814 33871 33877 33882 38359 
lunch 14815 505 76.24 16.65 13.78
34787 36136 36421 36442 39713 
lunch 18451 296 50.02 1.94 22.66
33871 36726 38225 38240 38315 
lunch 18417 801 146.96 5.31 45.69
33896 34857 38225 39068 36454 
lunch 16852 333 30.51 11.02 33.32
33684 34857 36413 36633 40393 
lunch 11512 348 15.25 19.64 28.48
33792 34212 34447 36327 36383 36384 36442 38332 
lunch 10412 315 46.47 15.42 10.76
33918 34212 35848 35875 36352 36376 36414 36442 36457 36633 38243 
lunch 10129 372 7.55 32.92 13.01
33689 33732 33814 33892 33908 34874 36136 36327 36442 
lunch 9060 117 9.83 1.50 16.38
35849 35854 35878 36377 36442 36633 38110 
lunch 508 305 7.43 18.28 27.91
33705 33892 33908 34677 36848 
lunch 728 319 62.34 3.67 12.89
33892 33893 35849 36383 38269 
lunch 696 474 54.54 15.06 30.38
33907 33909 36346 36442 36480 36957 39058 39558 40396 
lunch 499 474 18.58 14.08 64.78
33709 34212 34447 34848 36442 36480 39052 
lunch 673 304 55.80 5.49 12.27
33829 33865 36640 38801 39751 
lunch 623 361 1.06 31.37 17.68
33689 33792 33892 33908 36136 
lunch 544 272 38.72 7.79 15.17
34857 36421 36442 36577 36638 39067 40731 
lunch 497 420 26.05 20.07 33.63
33709 33712 34677 36383 36413 39056 40674 
lunch 565 354 7.11 25.97 22.42
33874 33876 33877 33883 33893 33904 33908 34212 36442 36637 40406 
lunch 538 429 21.50 12.68 55.04
33871 36638 38255 40391 
